[(14, 60), (16, 69), (17, 97), (36, 46), (37, 53), (37, 83), (47, 81), (60, 99), (65, 92), (74, 92)]
[(12, 51), (36, 46), (37, 83), (47, 81), (60, 99)]
[(3, 23), (12, 51), (32, 81), (36, 46), (36, 98), (37, 83), (42, 49), (47, 81), (60, 99)]
[(6, 90), (12, 51), (32, 81), (36, 98), (42, 49), (47, 81), (61, 87)]
[(6, 90), (8, 50), (12, 51), (23, 54), (32, 81), (42, 49), (47, 81), (52, 63), (61, 87), (71, 85)]
[(5, 6), (6, 90), (8, 50), (23, 54), (32, 81), (42, 49), (52, 63), (61, 87), (71, 85)]
[(1, 79), (5, 6), (6, 90), (8, 50), (12, 71), (23, 54), (25, 49), (46, 50), (52, 63)]
[(1, 79), (5, 6), (6, 90), (8, 50), (12, 71), (23, 54), (25, 49), (46, 50), (52, 63)]
[(0, 14), (2, 48), (4, 30), (5, 6), (6, 90), (12, 71), (14, 55), (22, 67), (23, 54), (45, 69), (52, 63)]
[(0, 14), (4, 30), (10, 11), (13, 29), (22, 67), (29, 92)]
[(0, 14), (4, 30), (10, 11), (22, 67), (25, 42), (27, 66), (29, 92), (61, 77)]
[(0, 14), (4, 30), (10, 11), (25, 42), (27, 66), (29, 92), (39, 68), (51, 81), (53, 57), (55, 74), (61, 77)]
[(0, 14), (10, 11), (27, 66), (39, 68), (40, 83), (51, 81), (55, 74), (61, 77), (78, 81)]
[(16, 73), (27, 66), (33, 44), (35, 82), (39, 68), (40, 83), (51, 81), (55, 74), (61, 77), (78, 81)]
[(3, 17), (16, 73), (27, 66), (29, 62), (31, 59), (35, 82), (36, 70), (37, 73), (40, 83), (51, 81), (55, 74), (61, 77), (82, 99)]
[(1, 37), (3, 17), (4, 48), (29, 62), (35, 75), (35, 82), (36, 70), (37, 73), (51, 81), (91, 93)]
[(1, 37), (4, 48), (13, 92), (25, 60), (35, 75), (35, 82), (36, 70), (37, 73), (43, 94), (47, 67), (91, 93)]
[(1, 37), (7, 91), (35, 75), (35, 82), (36, 70), (37, 73), (43, 94), (47, 67), (67, 76), (91, 93)]
[(1, 37), (7, 91), (35, 82), (36, 70), (37, 73), (43, 94), (67, 76), (91, 93)]
[(1, 37), (37, 45), (43, 94), (67, 76), (80, 84)]
[(13, 35), (43, 59), (43, 94), (51, 78), (67, 76), (80, 84)]
[(12, 27), (13, 35), (43, 59), (43, 94), (51, 78), (80, 84)]
[(9, 89), (12, 27), (13, 14), (13, 35), (16, 37), (29, 57), (43, 59), (51, 78), (75, 99)]
[(6, 46), (9, 89), (12, 27), (13, 14), (18, 20), (29, 57), (30, 62), (34, 97), (51, 76), (51, 78), (75, 99)]
[(6, 46), (9, 89), (12, 27), (18, 20), (29, 57), (30, 62), (34, 97), (51, 76), (61, 64), (67, 71), (75, 99)]
[(4, 80), (6, 46), (6, 98), (12, 27), (13, 82), (26, 92), (30, 62), (31, 63), (34, 97), (51, 76), (67, 71), (75, 86), (75, 99)]
[(6, 46), (6, 98), (12, 27), (13, 82), (26, 92), (30, 62), (31, 63), (67, 71), (75, 86), (75, 99)]
[(6, 46), (26, 92), (27, 88), (31, 63), (38, 52), (45, 79), (67, 71), (75, 86), (75, 99), (90, 91)]
[(26, 92), (27, 88), (31, 63), (31, 95), (38, 52), (45, 79), (75, 86), (90, 91)]
[(31, 63), (31, 95), (45, 79), (75, 86), (90, 91)]
[(18, 23), (31, 63), (45, 79), (62, 86), (75, 86), (90, 91)]
[(15, 51), (18, 23), (45, 79), (62, 86)]
[(14, 60), (15, 51), (18, 23), (62, 86)]
[(10, 74), (14, 60), (16, 69), (18, 23), (30, 57), (37, 53), (62, 86), (65, 92)]
[(10, 74), (14, 60), (16, 69), (18, 23), (36, 46), (37, 53), (37, 83), (62, 86), (65, 92), (74, 92)]
[(14, 60), (15, 71), (16, 69), (21, 79), (36, 46), (37, 53), (37, 83), (60, 99), (65, 92), (74, 92)]
[(14, 60), (16, 69), (17, 97), (36, 46), (37, 53), (37, 83), (47, 81), (60, 99), (65, 92), (74, 92)]
[(12, 51), (36, 46), (37, 83), (47, 81), (60, 99)]
[(3, 23), (12, 51), (32, 81), (36, 46), (36, 98), (37, 83), (42, 49), (47, 81), (60, 99)]
[(6, 90), (12, 51), (32, 81), (36, 98), (42, 49), (47, 81), (61, 87)]
[(6, 90), (8, 50), (12, 51), (23, 54), (32, 81), (42, 49), (47, 81), (52, 63), (61, 87), (71, 85)]
[(5, 6), (6, 90), (8, 50), (23, 54), (32, 81), (42, 49), (52, 63), (61, 87), (71, 85)]
[(1, 79), (5, 6), (6, 90), (8, 50), (12, 71), (23, 54), (25, 49), (46, 50), (52, 63)]
[(1, 79), (5, 6), (6, 90), (8, 50), (12, 71), (23, 54), (25, 49), (46, 50), (52, 63)]
[(0, 14), (2, 48), (4, 30), (5, 6), (6, 90), (12, 71), (14, 55), (22, 67), (23, 54), (45, 69), (52, 63)]
[(0, 14), (4, 30), (10, 11), (13, 29), (22, 67), (29, 92)]
[(0, 14), (4, 30), (10, 11), (22, 67), (25, 42), (27, 66), (29, 92), (61, 77)]
[(0, 14), (4, 30), (10, 11), (25, 42), (27, 66), (29, 92), (39, 68), (51, 81), (53, 57), (55, 74), (61, 77)]
[(0, 14), (10, 11), (27, 66), (39, 68), (40, 83), (51, 81), (55, 74), (61, 77), (78, 81)]
[(16, 73), (27, 66), (33, 44), (35, 82), (39, 68), (40, 83), (51, 81), (55, 74), (61, 77), (78, 81)]
[(3, 17), (16, 73), (27, 66), (29, 62), (31, 59), (35, 82), (36, 70), (37, 73), (40, 83), (51, 81), (55, 74), (61, 77), (82, 99)]
[(1, 37), (3, 17), (4, 48), (29, 62), (35, 75), (35, 82), (36, 70), (37, 73), (51, 81), (91, 93)]
[(1, 37), (4, 48), (13, 92), (25, 60), (35, 75), (35, 82), (36, 70), (37, 73), (43, 94), (47, 67), (91, 93)]
[(1, 37), (7, 91), (35, 75), (35, 82), (36, 70), (37, 73), (43, 94), (47, 67), (67, 76), (91, 93)]
[(1, 37), (7, 91), (35, 82), (36, 70), (37, 73), (43, 94), (67, 76), (91, 93)]
[(1, 37), (37, 45), (43, 94), (67, 76), (80, 84)]
[(13, 35), (43, 59), (43, 94), (51, 78), (67, 76), (80, 84)]
[(12, 27), (13, 35), (43, 59), (43, 94), (51, 78), (80, 84)]
[(9, 89), (12, 27), (13, 14), (13, 35), (16, 37), (29, 57), (43, 59), (51, 78), (75, 99)]
[(6, 46), (9, 89), (12, 27), (13, 14), (18, 20), (29, 57), (30, 62), (34, 97), (51, 76), (51, 78), (75, 99)]
[(6, 46), (9, 89), (12, 27), (18, 20), (29, 57), (30, 62), (34, 97), (51, 76), (61, 64), (67, 71), (75, 99)]
[(4, 80), (6, 46), (6, 98), (12, 27), (13, 82), (26, 92), (30, 62), (31, 63), (34, 97), (51, 76), (67, 71), (75, 86), (75, 99)]
[(6, 46), (6, 98), (12, 27), (13, 82), (26, 92), (30, 62), (31, 63), (67, 71), (75, 86), (75, 99)]
[(6, 46), (26, 92), (27, 88), (31, 63), (38, 52), (45, 79), (67, 71), (75, 86), (75, 99), (90, 91)]
[(26, 92), (27, 88), (31, 63), (31, 95), (38, 52), (45, 79), (75, 86), (90, 91)]
[(31, 63), (31, 95), (45, 79), (75, 86), (90, 91)]
[(18, 23), (31, 63), (45, 79), (62, 86), (75, 86), (90, 91)]
[(15, 51), (18, 23), (45, 79), (62, 86)]
[(14, 60), (15, 51), (18, 23), (62, 86)]
[(10, 74), (14, 60), (16, 69), (18, 23), (30, 57), (37, 53), (62, 86), (65, 92)]
[(10, 74), (14, 60), (16, 69), (18, 23), (36, 46), (37, 53), (37, 83), (62, 86), (65, 92), (74, 92)]
[(14, 60), (15, 71), (16, 69), (21, 79), (36, 46), (37, 53), (37, 83), (60, 99), (65, 92), (74, 92)]
[(14, 60), (16, 69), (17, 97), (36, 46), (37, 53), (37, 83), (47, 81), (60, 99), (65, 92), (74, 92)]
[(12, 51), (36, 46), (37, 83), (47, 81), (60, 99)]
[(3, 23), (12, 51), (32, 81), (36, 46), (36, 98), (37, 83), (42, 49), (47, 81), (60, 99)]
[(6, 90), (12, 51), (32, 81), (36, 98), (42, 49), (47, 81), (61, 87)]
[(6, 90), (8, 50), (12, 51), (23, 54), (32, 81), (42, 49), (47, 81), (52, 63), (61, 87), (71, 85)]
[(5, 6), (6, 90), (8, 50), (23, 54), (32, 81), (42, 49), (52, 63), (61, 87), (71, 85)]
[(1, 79), (5, 6), (6, 90), (8, 50), (12, 71), (23, 54), (25, 49), (46, 50), (52, 63)]
[(1, 79), (5, 6), (6, 90), (8, 50), (12, 71), (23, 54), (25, 49), (46, 50), (52, 63)]
[(0, 14), (2, 48), (4, 30), (5, 6), (6, 90), (12, 71), (14, 55), (22, 67), (23, 54), (45, 69), (52, 63)]
[(0, 14), (4, 30), (10, 11), (13, 29), (22, 67), (29, 92)]
[(0, 14), (4, 30), (10, 11), (22, 67), (25, 42), (27, 66), (29, 92), (61, 77)]
[(0, 14), (4, 30), (10, 11), (25, 42), (27, 66), (29, 92), (39, 68), (51, 81), (53, 57), (55, 74), (61, 77)]
[(0, 14), (10, 11), (27, 66), (39, 68), (40, 83), (51, 81), (55, 74), (61, 77), (78, 81)]
[(16, 73), (27, 66), (33, 44), (35, 82), (39, 68), (40, 83), (51, 81), (55, 74), (61, 77), (78, 81)]
[(3, 17), (16, 73), (27, 66), (29, 62), (31, 59), (35, 82), (36, 70), (37, 73), (40, 83), (51, 81), (55, 74), (61, 77), (82, 99)]
[(1, 37), (3, 17), (4, 48), (29, 62), (35, 75), (35, 82), (36, 70), (37, 73), (51, 81), (91, 93)]
[(1, 37), (4, 48), (13, 92), (25, 60), (35, 75), (35, 82), (36, 70), (37, 73), (43, 94), (47, 67), (91, 93)]
[(1, 37), (7, 91), (35, 75), (35, 82), (36, 70), (37, 73), (43, 94), (47, 67), (67, 76), (91, 93)]
[(1, 37), (7, 91), (35, 82), (36, 70), (37, 73), (43, 94), (67, 76), (91, 93)]
[(1, 37), (37, 45), (43, 94), (67, 76), (80, 84)]
[(13, 35), (43, 59), (43, 94), (51, 78), (67, 76), (80, 84)]
[(12, 27), (13, 35), (43, 59), (43, 94), (51, 78), (80, 84)]
[(9, 89), (12, 27), (13, 14), (13, 35), (16, 37), (29, 57), (43, 59), (51, 78), (75, 99)]
[(6, 46), (9, 89), (12, 27), (13, 14), (18, 20), (29, 57), (30, 62), (34, 97), (51, 76), (51, 78), (75, 99)]
[(6, 46), (9, 89), (12, 27), (18, 20), (29, 57), (30, 62), (34, 97), (51, 76), (61, 64), (67, 71), (75, 99)]
[(4, 80), (6, 46), (6, 98), (12, 27), (13, 82), (26, 92), (30, 62), (31, 63), (34, 97), (51, 76), (67, 71), (75, 86), (75, 99)]
[(6, 46), (6, 98), (12, 27), (13, 82), (26, 92), (30, 62), (31, 63), (67, 71), (75, 86), (75, 99)]
[(6, 46), (26, 92), (27, 88), (31, 63), (38, 52), (45, 79), (67, 71), (75, 86), (75, 99), (90, 91)]
[(26, 92), (27, 88), (31, 63), (31, 95), (38, 52), (45, 79), (75, 86), (90, 91)]
[(31, 63), (31, 95), (45, 79), (75, 86), (90, 91)]
[(18, 23), (31, 63), (45, 79), (62, 86), (75, 86), (90, 91)]
[(15, 51), (18, 23), (45, 79), (62, 86)]
[(14, 60), (15, 51), (18, 23), (62, 86)]
[(10, 74), (14, 60), (16, 69), (18, 23), (30, 57), (37, 53), (62, 86), (65, 92)]
[(10, 74), (14, 60), (16, 69), (18, 23), (36, 46), (37, 53), (37, 83), (62, 86), (65, 92), (74, 92)]
[(14, 60), (15, 71), (16, 69), (21, 79), (36, 46), (37, 53), (37, 83), (60, 99), (65, 92), (74, 92)]
[(14, 60), (16, 69), (17, 97), (36, 46), (37, 53), (37, 83), (47, 81), (60, 99), (65, 92), (74, 92)]
[(12, 51), (36, 46), (37, 83), (47, 81), (60, 99)]
[(3, 23), (12, 51), (32, 81), (36, 46), (36, 98), (37, 83), (42, 49), (47, 81), (60, 99)]
[(6, 90), (12, 51), (32, 81), (36, 98), (42, 49), (47, 81), (61, 87)]
[(6, 90), (8, 50), (12, 51), (23, 54), (32, 81), (42, 49), (47, 81), (52, 63), (61, 87), (71, 85)]
[(5, 6), (6, 90), (8, 50), (23, 54), (32, 81), (42, 49), (52, 63), (61, 87), (71, 85)]
[(1, 79), (5, 6), (6, 90), (8, 50), (12, 71), (23, 54), (25, 49), (46, 50), (52, 63)]
[(1, 79), (5, 6), (6, 90), (8, 50), (12, 71), (23, 54), (25, 49), (46, 50), (52, 63)]
[(0, 14), (2, 48), (4, 30), (5, 6), (6, 90), (12, 71), (14, 55), (22, 67), (23, 54), (45, 69), (52, 63)]
[(0, 14), (4, 30), (10, 11), (13, 29), (22, 67), (29, 92)]
[(0, 14), (4, 30), (10, 11), (22, 67), (25, 42), (27, 66), (29, 92), (61, 77)]
[(0, 14), (4, 30), (10, 11), (25, 42), (27, 66), (29, 92), (39, 68), (51, 81), (53, 57), (55, 74), (61, 77)]
[(0, 14), (10, 11), (27, 66), (39, 68), (40, 83), (51, 81), (55, 74), (61, 77), (78, 81)]
[(16, 73), (27, 66), (33, 44), (35, 82), (39, 68), (40, 83), (51, 81), (55, 74), (61, 77), (78, 81)]
[(3, 17), (16, 73), (27, 66), (29, 62), (31, 59), (35, 82), (36, 70), (37, 73), (40, 83), (51, 81), (55, 74), (61, 77), (82, 99)]
[(1, 37), (3, 17), (4, 48), (29, 62), (35, 75), (35, 82), (36, 70), (37, 73), (51, 81), (91, 93)]
[(1, 37), (4, 48), (13, 92), (25, 60), (35, 75), (35, 82), (36, 70), (37, 73), (43, 94), (47, 67), (91, 93)]
[(1, 37), (7, 91), (35, 75), (35, 82), (36, 70), (37, 73), (43, 94), (47, 67), (67, 76), (91, 93)]
[(1, 37), (7, 91), (35, 82), (36, 70), (37, 73), (43, 94), (67, 76), (91, 93)]
[(1, 37), (37, 45), (43, 94), (67, 76), (80, 84)]
[(13, 35), (43, 59), (43, 94), (51, 78), (67, 76), (80, 84)]
[(12, 27), (13, 35), (43, 59), (43, 94), (51, 78), (80, 84)]
[(9, 89), (12, 27), (13, 14), (13, 35), (16, 37), (29, 57), (43, 59), (51, 78), (75, 99)]
[(6, 46), (9, 89), (12, 27), (13, 14), (18, 20), (29, 57), (30, 62), (34, 97), (51, 76), (51, 78), (75, 99)]
[(6, 46), (9, 89), (12, 27), (18, 20), (29, 57), (30, 62), (34, 97), (51, 76), (61, 64), (67, 71), (75, 99)]
[(4, 80), (6, 46), (6, 98), (12, 27), (13, 82), (26, 92), (30, 62), (31, 63), (34, 97), (51, 76), (67, 71), (75, 86), (75, 99)]
[(6, 46), (6, 98), (12, 27), (13, 82), (26, 92), (30, 62), (31, 63), (67, 71), (75, 86), (75, 99)]
[(6, 46), (26, 92), (27, 88), (31, 63), (38, 52), (45, 79), (67, 71), (75, 86), (75, 99), (90, 91)]
[(26, 92), (27, 88), (31, 63), (31, 95), (38, 52), (45, 79), (75, 86), (90, 91)]
[(31, 63), (31, 95), (45, 79), (75, 86), (90, 91)]
[(18, 23), (31, 63), (45, 79), (62, 86), (75, 86), (90, 91)]
[(15, 51), (18, 23), (45, 79), (62, 86)]
[(14, 60), (15, 51), (18, 23), (62, 86)]
[(10, 74), (14, 60), (16, 69), (18, 23), (30, 57), (37, 53), (62, 86), (65, 92)]
[(10, 74), (14, 60), (16, 69), (18, 23), (36, 46), (37, 53), (37, 83), (62, 86), (65, 92), (74, 92)]
[(14, 60), (15, 71), (16, 69), (21, 79), (36, 46), (37, 53), (37, 83), (60, 99), (65, 92), (74, 92)]
[(14, 60), (16, 69), (17, 97), (36, 46), (37, 53), (37, 83), (47, 81), (60, 99), (65, 92), (74, 92)]
[(12, 51), (36, 46), (37, 83), (47, 81), (60, 99)]
[(3, 23), (12, 51), (32, 81), (36, 46), (36, 98), (37, 83), (42, 49), (47, 81), (60, 99)]
[(6, 90), (12, 51), (32, 81), (36, 98), (42, 49), (47, 81), (61, 87)]
[(6, 90), (8, 50), (12, 51), (23, 54), (32, 81), (42, 49), (47, 81), (52, 63), (61, 87), (71, 85)]
[(5, 6), (6, 90), (8, 50), (23, 54), (32, 81), (42, 49), (52, 63), (61, 87), (71, 85)]
[(1, 79), (5, 6), (6, 90), (8, 50), (12, 71), (23, 54), (25, 49), (46, 50), (52, 63)]
[(1, 79), (5, 6), (6, 90), (8, 50), (12, 71), (23, 54), (25, 49), (46, 50), (52, 63)]
[(0, 14), (2, 48), (4, 30), (5, 6), (6, 90), (12, 71), (14, 55), (22, 67), (23, 54), (45, 69), (52, 63)]
[(0, 14), (4, 30), (10, 11), (13, 29), (22, 67), (29, 92)]
[(0, 14), (4, 30), (10, 11), (22, 67), (25, 42), (27, 66), (29, 92), (61, 77)]
[(0, 14), (4, 30), (10, 11), (25, 42), (27, 66), (29, 92), (39, 68), (51, 81), (53, 57), (55, 74), (61, 77)]
[(0, 14), (10, 11), (27, 66), (39, 68), (40, 83), (51, 81), (55, 74), (61, 77), (78, 81)]
[(16, 73), (27, 66), (33, 44), (35, 82), (39, 68), (40, 83), (51, 81), (55, 74), (61, 77), (78, 81)]
[(3, 17), (16, 73), (27, 66), (29, 62), (31, 59), (35, 82), (36, 70), (37, 73), (40, 83), (51, 81), (55, 74), (61, 77), (82, 99)]
[(1, 37), (3, 17), (4, 48), (29, 62), (35, 75), (35, 82), (36, 70), (37, 73), (51, 81), (91, 93)]
[(1, 37), (4, 48), (13, 92), (25, 60), (35, 75), (35, 82), (36, 70), (37, 73), (43, 94), (47, 67), (91, 93)]
[(1, 37), (7, 91), (35, 75), (35, 82), (36, 70), (37, 73), (43, 94), (47, 67), (67, 76), (91, 93)]
[(1, 37), (7, 91), (35, 82), (36, 70), (37, 73), (43, 94), (67, 76), (91, 93)]
[(1, 37), (37, 45), (43, 94), (67, 76), (80, 84)]
[(13, 35), (43, 59), (43, 94), (51, 78), (67, 76), (80, 84)]
[(12, 27), (13, 35), (43, 59), (43, 94), (51, 78), (80, 84)]
[(9, 89), (12, 27), (13, 14), (13, 35), (16, 37), (29, 57), (43, 59), (51, 78), (75, 99)]
[(6, 46), (9, 89), (12, 27), (13, 14), (18, 20), (29, 57), (30, 62), (34, 97), (51, 76), (51, 78), (75, 99)]
[(6, 46), (9, 89), (12, 27), (18, 20), (29, 57), (30, 62), (34, 97), (51, 76), (61, 64), (67, 71), (75, 99)]
[(4, 80), (6, 46), (6, 98), (12, 27), (13, 82), (26, 92), (30, 62), (31, 63), (34, 97), (51, 76), (67, 71), (75, 86), (75, 99)]
[(6, 46), (6, 98), (12, 27), (13, 82), (26, 92), (30, 62), (31, 63), (67, 71), (75, 86), (75, 99)]
[(6, 46), (26, 92), (27, 88), (31, 63), (38, 52), (45, 79), (67, 71), (75, 86), (75, 99), (90, 91)]
[(26, 92), (27, 88), (31, 63), (31, 95), (38, 52), (45, 79), (75, 86), (90, 91)]
[(31, 63), (31, 95), (45, 79), (75, 86), (90, 91)]
[(18, 23), (31, 63), (45, 79), (62, 86), (75, 86), (90, 91)]
[(15, 51), (18, 23), (45, 79), (62, 86)]
[(14, 60), (15, 51), (18, 23), (62, 86)]
[(10, 74), (14, 60), (16, 69), (18, 23), (30, 57), (37, 53), (62, 86), (65, 92)]
[(10, 74), (14, 60), (16, 69), (18, 23), (36, 46), (37, 53), (37, 83), (62, 86), (65, 92), (74, 92)]
[(14, 60), (15, 71), (16, 69), (21, 79), (36, 46), (37, 53), (37, 83), (60, 99), (65, 92), (74, 92)]
[(14, 60), (16, 69), (17, 97), (36, 46), (37, 53), (37, 83), (47, 81), (60, 99), (65, 92), (74, 92)]
[(12, 51), (36, 46), (37, 83), (47, 81), (60, 99)]
[(3, 23), (12, 51), (32, 81), (36, 46), (36, 98), (37, 83), (42, 49), (47, 81), (60, 99)]
[(6, 90), (12, 51), (32, 81), (36, 98), (42, 49), (47, 81), (61, 87)]
[(6, 90), (8, 50), (12, 51), (23, 54), (32, 81), (42, 49), (47, 81), (52, 63), (61, 87), (71, 85)]
[(5, 6), (6, 90), (8, 50), (23, 54), (32, 81), (42, 49), (52, 63), (61, 87), (71, 85)]
[(1, 79), (5, 6), (6, 90), (8, 50), (12, 71), (23, 54), (25, 49), (46, 50), (52, 63)]
[(1, 79), (5, 6), (6, 90), (8, 50), (12, 71), (23, 54), (25, 49), (46, 50), (52, 63)]
[(0, 14), (2, 48), (4, 30), (5, 6), (6, 90), (12, 71), (14, 55), (22, 67), (23, 54), (45, 69), (52, 63)]
[(0, 14), (4, 30), (10, 11), (13, 29), (22, 67), (29, 92)]
[(0, 14), (4, 30), (10, 11), (22, 67), (25, 42), (27, 66), (29, 92), (61, 77)]
[(0, 14), (4, 30), (10, 11), (25, 42), (27, 66), (29, 92), (39, 68), (51, 81), (53, 57), (55, 74), (61, 77)]
[(0, 14), (10, 11), (27, 66), (39, 68), (40, 83), (51, 81), (55, 74), (61, 77), (78, 81)]
[(16, 73), (27, 66), (33, 44), (35, 82), (39, 68), (40, 83), (51, 81), (55, 74), (61, 77), (78, 81)]
[(3, 17), (16, 73), (27, 66), (29, 62), (31, 59), (35, 82), (36, 70), (37, 73), (40, 83), (51, 81), (55, 74), (61, 77), (82, 99)]
[(1, 37), (3, 17), (4, 48), (29, 62), (35, 75), (35, 82), (36, 70), (37, 73), (51, 81), (91, 93)]
[(1, 37), (4, 48), (13, 92), (25, 60), (35, 75), (35, 82), (36, 70), (37, 73), (43, 94), (47, 67), (91, 93)]
[(1, 37), (7, 91), (35, 75), (35, 82), (36, 70), (37, 73), (43, 94), (47, 67), (67, 76), (91, 93)]
[(1, 37), (7, 91), (35, 82), (36, 70), (37, 73), (43, 94), (67, 76), (91, 93)]
[(1, 37), (37, 45), (43, 94), (67, 76), (80, 84)]
[(13, 35), (43, 59), (43, 94), (51, 78), (67, 76), (80, 84)]
[(12, 27), (13, 35), (43, 59), (43, 94), (51, 78), (80, 84)]
[(9, 89), (12, 27), (13, 14), (13, 35), (16, 37), (29, 57), (43, 59), (51, 78), (75, 99)]
[(6, 46), (9, 89), (12, 27), (13, 14), (18, 20), (29, 57), (30, 62), (34, 97), (51, 76), (51, 78), (75, 99)]
[(6, 46), (9, 89), (12, 27), (18, 20), (29, 57), (30, 62), (34, 97), (51, 76), (61, 64), (67, 71), (75, 99)]
[(4, 80), (6, 46), (6, 98), (12, 27), (13, 82), (26, 92), (30, 62), (31, 63), (34, 97), (51, 76), (67, 71), (75, 86), (75, 99)]
[(6, 46), (6, 98), (12, 27), (13, 82), (26, 92), (30, 62), (31, 63), (67, 71), (75, 86), (75, 99)]
[(6, 46), (26, 92), (27, 88), (31, 63), (38, 52), (45, 79), (67, 71), (75, 86), (75, 99), (90, 91)]
[(26, 92), (27, 88), (31, 63), (31, 95), (38, 52), (45, 79), (75, 86), (90, 91)]
[(31, 63), (31, 95), (45, 79), (75, 86), (90, 91)]
[(18, 23), (31, 63), (45, 79), (62, 86), (75, 86), (90, 91)]
[(15, 51), (18, 23), (45, 79), (62, 86)]
[(14, 60), (15, 51), (18, 23), (62, 86)]
[(10, 74), (14, 60), (16, 69), (18, 23), (30, 57), (37, 53), (62, 86), (65, 92)]
[(10, 74), (14, 60), (16, 69), (18, 23), (36, 46), (37, 53), (37, 83), (62, 86), (65, 92), (74, 92)]
[(14, 60), (15, 71), (16, 69), (21, 79), (36, 46), (37, 53), (37, 83), (60, 99), (65, 92), (74, 92)]
[(14, 60), (16, 69), (17, 97), (36, 46), (37, 53), (37, 83), (47, 81), (60, 99), (65, 92), (74, 92)]
[(12, 51), (36, 46), (37, 83), (47, 81), (60, 99)]
[(3, 23), (12, 51), (32, 81), (36, 46), (36, 98), (37, 83), (42, 49), (47, 81), (60, 99)]
[(6, 90), (12, 51), (32, 81), (36, 98), (42, 49), (47, 81), (61, 87)]
[(6, 90), (8, 50), (12, 51), (23, 54), (32, 81), (42, 49), (47, 81), (52, 63), (61, 87), (71, 85)]
[(5, 6), (6, 90), (8, 50), (23, 54), (32, 81), (42, 49), (52, 63), (61, 87), (71, 85)]
[(1, 79), (5, 6), (6, 90), (8, 50), (12, 71), (23, 54), (25, 49), (46, 50), (52, 63)]
[(1, 79), (5, 6), (6, 90), (8, 50), (12, 71), (23, 54), (25, 49), (46, 50), (52, 63)]
[(0, 14), (2, 48), (4, 30), (5, 6), (6, 90), (12, 71), (14, 55), (22, 67), (23, 54), (45, 69), (52, 63)]
[(0, 14), (4, 30), (10, 11), (13, 29), (22, 67), (29, 92)]
[(0, 14), (4, 30), (10, 11), (22, 67), (25, 42), (27, 66), (29, 92), (61, 77)]
[(0, 14), (4, 30), (10, 11), (25, 42), (27, 66), (29, 92), (39, 68), (51, 81), (53, 57), (55, 74), (61, 77)]
[(0, 14), (10, 11), (27, 66), (39, 68), (40, 83), (51, 81), (55, 74), (61, 77), (78, 81)]
[(16, 73), (27, 66), (33, 44), (35, 82), (39, 68), (40, 83), (51, 81), (55, 74), (61, 77), (78, 81)]
[(3, 17), (16, 73), (27, 66), (29, 62), (31, 59), (35, 82), (36, 70), (37, 73), (40, 83), (51, 81), (55, 74), (61, 77), (82, 99)]
[(1, 37), (3, 17), (4, 48), (29, 62), (35, 75), (35, 82), (36, 70), (37, 73), (51, 81), (91, 93)]
[(1, 37), (4, 48), (13, 92), (25, 60), (35, 75), (35, 82), (36, 70), (37, 73), (43, 94), (47, 67), (91, 93)]
[(1, 37), (7, 91), (35, 75), (35, 82), (36, 70), (37, 73), (43, 94), (47, 67), (67, 76), (91, 93)]
[(1, 37), (7, 91), (35, 82), (36, 70), (37, 73), (43, 94), (67, 76), (91, 93)]
[(1, 37), (37, 45), (43, 94), (67, 76), (80, 84)]
[(13, 35), (43, 59), (43, 94), (51, 78), (67, 76), (80, 84)]
[(12, 27), (13, 35), (43, 59), (43, 94), (51, 78), (80, 84)]
[(9, 89), (12, 27), (13, 14), (13, 35), (16, 37), (29, 57), (43, 59), (51, 78), (75, 99)]
[(6, 46), (9, 89), (12, 27), (13, 14), (18, 20), (29, 57), (30, 62), (34, 97), (51, 76), (51, 78), (75, 99)]
[(6, 46), (9, 89), (12, 27), (18, 20), (29, 57), (30, 62), (34, 97), (51, 76), (61, 64), (67, 71), (75, 99)]
[(4, 80), (6, 46), (6, 98), (12, 27), (13, 82), (26, 92), (30, 62), (31, 63), (34, 97), (51, 76), (67, 71), (75, 86), (75, 99)]
[(6, 46), (6, 98), (12, 27), (13, 82), (26, 92), (30, 62), (31, 63), (67, 71), (75, 86), (75, 99)]
[(6, 46), (26, 92), (27, 88), (31, 63), (38, 52), (45, 79), (67, 71), (75, 86), (75, 99), (90, 91)]
[(26, 92), (27, 88), (31, 63), (31, 95), (38, 52), (45, 79), (75, 86), (90, 91)]
[(31, 63), (31, 95), (45, 79), (75, 86), (90, 91)]
[(18, 23), (31, 63), (45, 79), (62, 86), (75, 86), (90, 91)]
[(15, 51), (18, 23), (45, 79), (62, 86)]
[(14, 60), (15, 51), (18, 23), (62, 86)]
[(10, 74), (14, 60), (16, 69), (18, 23), (30, 57), (37, 53), (62, 86), (65, 92)]
[(10, 74), (14, 60), (16, 69), (18, 23), (36, 46), (37, 53), (37, 83), (62, 86), (65, 92), (74, 92)]
[(14, 60), (15, 71), (16, 69), (21, 79), (36, 46), (37, 53), (37, 83), (60, 99), (65, 92), (74, 92)]
[(14, 60), (16, 69), (17, 97), (36, 46), (37, 53), (37, 83), (47, 81), (60, 99), (65, 92), (74, 92)]
[(12, 51), (36, 46), (37, 83), (47, 81), (60, 99)]
[(3, 23), (12, 51), (32, 81), (36, 46), (36, 98), (37, 83), (42, 49), (47, 81), (60, 99)]
[(6, 90), (12, 51), (32, 81), (36, 98), (42, 49), (47, 81), (61, 87)]
[(6, 90), (8, 50), (12, 51), (23, 54), (32, 81), (42, 49), (47, 81), (52, 63), (61, 87), (71, 85)]
[(5, 6), (6, 90), (8, 50), (23, 54), (32, 81), (42, 49), (52, 63), (61, 87), (71, 85)]
[(1, 79), (5, 6), (6, 90), (8, 50), (12, 71), (23, 54), (25, 49), (46, 50), (52, 63)]
[(1, 79), (5, 6), (6, 90), (8, 50), (12, 71), (23, 54), (25, 49), (46, 50), (52, 63)]
[(0, 14), (2, 48), (4, 30), (5, 6), (6, 90), (12, 71), (14, 55), (22, 67), (23, 54), (45, 69), (52, 63)]
[(0, 14), (4, 30), (10, 11), (13, 29), (22, 67), (29, 92)]
[(0, 14), (4, 30), (10, 11), (22, 67), (25, 42), (27, 66), (29, 92), (61, 77)]
[(0, 14), (4, 30), (10, 11), (25, 42), (27, 66), (29, 92), (39, 68), (51, 81), (53, 57), (55, 74), (61, 77)]
[(0, 14), (10, 11), (27, 66), (39, 68), (40, 83), (51, 81), (55, 74), (61, 77), (78, 81)]
[(16, 73), (27, 66), (33, 44), (35, 82), (39, 68), (40, 83), (51, 81), (55, 74), (61, 77), (78, 81)]
[(3, 17), (16, 73), (27, 66), (29, 62), (31, 59), (35, 82), (36, 70), (37, 73), (40, 83), (51, 81), (55, 74), (61, 77), (82, 99)]
[(1, 37), (3, 17), (4, 48), (29, 62), (35, 75), (35, 82), (36, 70), (37, 73), (51, 81), (91, 93)]
[(1, 37), (4, 48), (13, 92), (25, 60), (35, 75), (35, 82), (36, 70), (37, 73), (43, 94), (47, 67), (91, 93)]
[(1, 37), (7, 91), (35, 75), (35, 82), (36, 70), (37, 73), (43, 94), (47, 67), (67, 76), (91, 93)]
[(1, 37), (7, 91), (35, 82), (36, 70), (37, 73), (43, 94), (67, 76), (91, 93)]
[(1, 37), (37, 45), (43, 94), (67, 76), (80, 84)]
[(13, 35), (43, 59), (43, 94), (51, 78), (67, 76), (80, 84)]
[(12, 27), (13, 35), (43, 59), (43, 94), (51, 78), (80, 84)]
[(9, 89), (12, 27), (13, 14), (13, 35), (16, 37), (29, 57), (43, 59), (51, 78), (75, 99)]
[(6, 46), (9, 89), (12, 27), (13, 14), (18, 20), (29, 57), (30, 62), (34, 97), (51, 76), (51, 78), (75, 99)]
[(6, 46), (9, 89), (12, 27), (18, 20), (29, 57), (30, 62), (34, 97), (51, 76), (61, 64), (67, 71), (75, 99)]
[(4, 80), (6, 46), (6, 98), (12, 27), (13, 82), (26, 92), (30, 62), (31, 63), (34, 97), (51, 76), (67, 71), (75, 86), (75, 99)]
[(6, 46), (6, 98), (12, 27), (13, 82), (26, 92), (30, 62), (31, 63), (67, 71), (75, 86), (75, 99)]
[(6, 46), (26, 92), (27, 88), (31, 63), (38, 52), (45, 79), (67, 71), (75, 86), (75, 99), (90, 91)]
[(26, 92), (27, 88), (31, 63), (31, 95), (38, 52), (45, 79), (75, 86), (90, 91)]
[(31, 63), (31, 95), (45, 79), (75, 86), (90, 91)]
[(18, 23), (31, 63), (45, 79), (62, 86), (75, 86), (90, 91)]
[(15, 51), (18, 23), (45, 79), (62, 86)]
[(14, 60), (15, 51), (18, 23), (62, 86)]
[(10, 74), (14, 60), (16, 69), (18, 23), (30, 57), (37, 53), (62, 86), (65, 92)]
[(10, 74), (14, 60), (16, 69), (18, 23), (36, 46), (37, 53), (37, 83), (62, 86), (65, 92), (74, 92)]
[(14, 60), (15, 71), (16, 69), (21, 79), (36, 46), (37, 53), (37, 83), (60, 99), (65, 92), (74, 92)]
[(14, 60), (16, 69), (17, 97), (36, 46), (37, 53), (37, 83), (47, 81), (60, 99), (65, 92), (74, 92)]
[(12, 51), (36, 46), (37, 83), (47, 81), (60, 99)]
[(3, 23), (12, 51), (32, 81), (36, 46), (36, 98), (37, 83), (42, 49), (47, 81), (60, 99)]
[(6, 90), (12, 51), (32, 81), (36, 98), (42, 49), (47, 81), (61, 87)]
[(6, 90), (8, 50), (12, 51), (23, 54), (32, 81), (42, 49), (47, 81), (52, 63), (61, 87), (71, 85)]
[(5, 6), (6, 90), (8, 50), (23, 54), (32, 81), (42, 49), (52, 63), (61, 87), (71, 85)]
[(1, 79), (5, 6), (6, 90), (8, 50), (12, 71), (23, 54), (25, 49), (46, 50), (52, 63)]
[(1, 79), (5, 6), (6, 90), (8, 50), (12, 71), (23, 54), (25, 49), (46, 50), (52, 63)]
[(0, 14), (2, 48), (4, 30), (5, 6), (6, 90), (12, 71), (14, 55), (22, 67), (23, 54), (45, 69), (52, 63)]
[(0, 14), (4, 30), (10, 11), (13, 29), (22, 67), (29, 92)]
[(0, 14), (4, 30), (10, 11), (22, 67), (25, 42), (27, 66), (29, 92), (61, 77)]
[(0, 14), (4, 30), (10, 11), (25, 42), (27, 66), (29, 92), (39, 68), (51, 81), (53, 57), (55, 74), (61, 77)]
[(0, 14), (10, 11), (27, 66), (39, 68), (40, 83), (51, 81), (55, 74), (61, 77), (78, 81)]
[(16, 73), (27, 66), (33, 44), (35, 82), (39, 68), (40, 83), (51, 81), (55, 74), (61, 77), (78, 81)]
[(3, 17), (16, 73), (27, 66), (29, 62), (31, 59), (35, 82), (36, 70), (37, 73), (40, 83), (51, 81), (55, 74), (61, 77), (82, 99)]
[(1, 37), (3, 17), (4, 48), (29, 62), (35, 75), (35, 82), (36, 70), (37, 73), (51, 81), (91, 93)]
[(1, 37), (4, 48), (13, 92), (25, 60), (35, 75), (35, 82), (36, 70), (37, 73), (43, 94), (47, 67), (91, 93)]
[(1, 37), (7, 91), (35, 75), (35, 82), (36, 70), (37, 73), (43, 94), (47, 67), (67, 76), (91, 93)]
[(1, 37), (7, 91), (35, 82), (36, 70), (37, 73), (43, 94), (67, 76), (91, 93)]
[(1, 37), (37, 45), (43, 94), (67, 76), (80, 84)]
[(13, 35), (43, 59), (43, 94), (51, 78), (67, 76), (80, 84)]
[(12, 27), (13, 35), (43, 59), (43, 94), (51, 78), (80, 84)]
[(9, 89), (12, 27), (13, 14), (13, 35), (16, 37), (29, 57), (43, 59), (51, 78), (75, 99)]
[(6, 46), (9, 89), (12, 27), (13, 14), (18, 20), (29, 57), (30, 62), (34, 97), (51, 76), (51, 78), (75, 99)]
[(6, 46), (9, 89), (12, 27), (18, 20), (29, 57), (30, 62), (34, 97), (51, 76), (61, 64), (67, 71), (75, 99)]
[(4, 80), (6, 46), (6, 98), (12, 27), (13, 82), (26, 92), (30, 62), (31, 63), (34, 97), (51, 76), (67, 71), (75, 86), (75, 99)]
[(6, 46), (6, 98), (12, 27), (13, 82), (26, 92), (30, 62), (31, 63), (67, 71), (75, 86), (75, 99)]
[(6, 46), (26, 92), (27, 88), (31, 63), (38, 52), (45, 79), (67, 71), (75, 86), (75, 99), (90, 91)]
[(26, 92), (27, 88), (31, 63), (31, 95), (38, 52), (45, 79), (75, 86), (90, 91)]
[(31, 63), (31, 95), (45, 79), (75, 86), (90, 91)]
[(18, 23), (31, 63), (45, 79), (62, 86), (75, 86), (90, 91)]
[(15, 51), (18, 23), (45, 79), (62, 86)]
[(14, 60), (15, 51), (18, 23), (62, 86)]
[(10, 74), (14, 60), (16, 69), (18, 23), (30, 57), (37, 53), (62, 86), (65, 92)]
[(10, 74), (14, 60), (16, 69), (18, 23), (36, 46), (37, 53), (37, 83), (62, 86), (65, 92), (74, 92)]
[(14, 60), (15, 71), (16, 69), (21, 79), (36, 46), (37, 53), (37, 83), (60, 99), (65, 92), (74, 92)]
[(14, 60), (16, 69), (17, 97), (36, 46), (37, 53), (37, 83), (47, 81), (60, 99), (65, 92), (74, 92)]
[(12, 51), (36, 46), (37, 83), (47, 81), (60, 99)]
[(3, 23), (12, 51), (32, 81), (36, 46), (36, 98), (37, 83), (42, 49), (47, 81), (60, 99)]
[(6, 90), (12, 51), (32, 81), (36, 98), (42, 49), (47, 81), (61, 87)]
[(6, 90), (8, 50), (12, 51), (23, 54), (32, 81), (42, 49), (47, 81), (52, 63), (61, 87), (71, 85)]
[(5, 6), (6, 90), (8, 50), (23, 54), (32, 81), (42, 49), (52, 63), (61, 87), (71, 85)]
[(1, 79), (5, 6), (6, 90), (8, 50), (12, 71), (23, 54), (25, 49), (46, 50), (52, 63)]
[(1, 79), (5, 6), (6, 90), (8, 50), (12, 71), (23, 54), (25, 49), (46, 50), (52, 63)]
[(0, 14), (2, 48), (4, 30), (5, 6), (6, 90), (12, 71), (14, 55), (22, 67), (23, 54), (45, 69), (52, 63)]
[(0, 14), (4, 30), (10, 11), (13, 29), (22, 67), (29, 92)]
[(0, 14), (4, 30), (10, 11), (22, 67), (25, 42), (27, 66), (29, 92), (61, 77)]
[(0, 14), (4, 30), (10, 11), (25, 42), (27, 66), (29, 92), (39, 68), (51, 81), (53, 57), (55, 74), (61, 77)]
[(0, 14), (10, 11), (27, 66), (39, 68), (40, 83), (51, 81), (55, 74), (61, 77), (78, 81)]
[(16, 73), (27, 66), (33, 44), (35, 82), (39, 68), (40, 83), (51, 81), (55, 74), (61, 77), (78, 81)]
[(3, 17), (16, 73), (27, 66), (29, 62), (31, 59), (35, 82), (36, 70), (37, 73), (40, 83), (51, 81), (55, 74), (61, 77), (82, 99)]
[(1, 37), (3, 17), (4, 48), (29, 62), (35, 75), (35, 82), (36, 70), (37, 73), (51, 81), (91, 93)]
[(1, 37), (4, 48), (13, 92), (25, 60), (35, 75), (35, 82), (36, 70), (37, 73), (43, 94), (47, 67), (91, 93)]
[(1, 37), (7, 91), (35, 75), (35, 82), (36, 70), (37, 73), (43, 94), (47, 67), (67, 76), (91, 93)]
[(1, 37), (7, 91), (35, 82), (36, 70), (37, 73), (43, 94), (67, 76), (91, 93)]
[(1, 37), (37, 45), (43, 94), (67, 76), (80, 84)]
[(13, 35), (43, 59), (43, 94), (51, 78), (67, 76), (80, 84)]
[(12, 27), (13, 35), (43, 59), (43, 94), (51, 78), (80, 84)]
[(9, 89), (12, 27), (13, 14), (13, 35), (16, 37), (29, 57), (43, 59), (51, 78), (75, 99)]
[(6, 46), (9, 89), (12, 27), (13, 14), (18, 20), (29, 57), (30, 62), (34, 97), (51, 76), (51, 78), (75, 99)]
[(6, 46), (9, 89), (12, 27), (18, 20), (29, 57), (30, 62), (34, 97), (51, 76), (61, 64), (67, 71), (75, 99)]
[(4, 80), (6, 46), (6, 98), (12, 27), (13, 82), (26, 92), (30, 62), (31, 63), (34, 97), (51, 76), (67, 71), (75, 86), (75, 99)]
[(6, 46), (6, 98), (12, 27), (13, 82), (26, 92), (30, 62), (31, 63), (67, 71), (75, 86), (75, 99)]
[(6, 46), (26, 92), (27, 88), (31, 63), (38, 52), (45, 79), (67, 71), (75, 86), (75, 99), (90, 91)]
[(26, 92), (27, 88), (31, 63), (31, 95), (38, 52), (45, 79), (75, 86), (90, 91)]
[(31, 63), (31, 95), (45, 79), (75, 86), (90, 91)]
[(18, 23), (31, 63), (45, 79), (62, 86), (75, 86), (90, 91)]
[(15, 51), (18, 23), (45, 79), (62, 86)]
[(14, 60), (15, 51), (18, 23), (62, 86)]
[(10, 74), (14, 60), (16, 69), (18, 23), (30, 57), (37, 53), (62, 86), (65, 92)]
[(10, 74), (14, 60), (16, 69), (18, 23), (36, 46), (37, 53), (37, 83), (62, 86), (65, 92), (74, 92)]
[(14, 60), (15, 71), (16, 69), (21, 79), (36, 46), (37, 53), (37, 83), (60, 99), (65, 92), (74, 92)]
[(14, 60), (16, 69), (17, 97), (36, 46), (37, 53), (37, 83), (47, 81), (60, 99), (65, 92), (74, 92)]
[(12, 51), (36, 46), (37, 83), (47, 81), (60, 99)]
[(3, 23), (12, 51), (32, 81), (36, 46), (36, 98), (37, 83), (42, 49), (47, 81), (60, 99)]
[(6, 90), (12, 51), (32, 81), (36, 98), (42, 49), (47, 81), (61, 87)]
[(6, 90), (8, 50), (12, 51), (23, 54), (32, 81), (42, 49), (47, 81), (52, 63), (61, 87), (71, 85)]
[(5, 6), (6, 90), (8, 50), (23, 54), (32, 81), (42, 49), (52, 63), (61, 87), (71, 85)]
[(1, 79), (5, 6), (6, 90), (8, 50), (12, 71), (23, 54), (25, 49), (46, 50), (52, 63)]
[(1, 79), (5, 6), (6, 90), (8, 50), (12, 71), (23, 54), (25, 49), (46, 50), (52, 63)]
[(0, 14), (2, 48), (4, 30), (5, 6), (6, 90), (12, 71), (14, 55), (22, 67), (23, 54), (45, 69), (52, 63)]
[(0, 14), (4, 30), (10, 11), (13, 29), (22, 67), (29, 92)]
[(0, 14), (4, 30), (10, 11), (22, 67), (25, 42), (27, 66), (29, 92), (61, 77)]
[(0, 14), (4, 30), (10, 11), (25, 42), (27, 66), (29, 92), (39, 68), (51, 81), (53, 57), (55, 74), (61, 77)]
[(0, 14), (10, 11), (27, 66), (39, 68), (40, 83), (51, 81), (55, 74), (61, 77), (78, 81)]
[(16, 73), (27, 66), (33, 44), (35, 82), (39, 68), (40, 83), (51, 81), (55, 74), (61, 77), (78, 81)]
[(3, 17), (16, 73), (27, 66), (29, 62), (31, 59), (35, 82), (36, 70), (37, 73), (40, 83), (51, 81), (55, 74), (61, 77), (82, 99)]
[(1, 37), (3, 17), (4, 48), (29, 62), (35, 75), (35, 82), (36, 70), (37, 73), (51, 81), (91, 93)]
[(1, 37), (4, 48), (13, 92), (25, 60), (35, 75), (35, 82), (36, 70), (37, 73), (43, 94), (47, 67), (91, 93)]
[(1, 37), (7, 91), (35, 75), (35, 82), (36, 70), (37, 73), (43, 94), (47, 67), (67, 76), (91, 93)]
[(1, 37), (7, 91), (35, 82), (36, 70), (37, 73), (43, 94), (67, 76), (91, 93)]
[(1, 37), (37, 45), (43, 94), (67, 76), (80, 84)]
[(13, 35), (43, 59), (43, 94), (51, 78), (67, 76), (80, 84)]
[(12, 27), (13, 35), (43, 59), (43, 94), (51, 78), (80, 84)]
[(9, 89), (12, 27), (13, 14), (13, 35), (16, 37), (29, 57), (43, 59), (51, 78), (75, 99)]
[(6, 46), (9, 89), (12, 27), (13, 14), (18, 20), (29, 57), (30, 62), (34, 97), (51, 76), (51, 78), (75, 99)]
[(6, 46), (9, 89), (12, 27), (18, 20), (29, 57), (30, 62), (34, 97), (51, 76), (61, 64), (67, 71), (75, 99)]
[(4, 80), (6, 46), (6, 98), (12, 27), (13, 82), (26, 92), (30, 62), (31, 63), (34, 97), (51, 76), (67, 71), (75, 86), (75, 99)]
[(6, 46), (6, 98), (12, 27), (13, 82), (26, 92), (30, 62), (31, 63), (67, 71), (75, 86), (75, 99)]
[(6, 46), (26, 92), (27, 88), (31, 63), (38, 52), (45, 79), (67, 71), (75, 86), (75, 99), (90, 91)]
[(26, 92), (27, 88), (31, 63), (31, 95), (38, 52), (45, 79), (75, 86), (90, 91)]
[(31, 63), (31, 95), (45, 79), (75, 86), (90, 91)]
[(18, 23), (31, 63), (45, 79), (62, 86), (75, 86), (90, 91)]
[(15, 51), (18, 23), (45, 79), (62, 86)]
[(14, 60), (15, 51), (18, 23), (62, 86)]
[(10, 74), (14, 60), (16, 69), (18, 23), (30, 57), (37, 53), (62, 86), (65, 92)]
[(10, 74), (14, 60), (16, 69), (18, 23), (36, 46), (37, 53), (37, 83), (62, 86), (65, 92), (74, 92)]
[(14, 60), (15, 71), (16, 69), (21, 79), (36, 46), (37, 53), (37, 83), (60, 99), (65, 92), (74, 92)]
[(14, 60), (16, 69), (17, 97), (36, 46), (37, 53), (37, 83), (47, 81), (60, 99), (65, 92), (74, 92)]
[(12, 51), (36, 46), (37, 83), (47, 81), (60, 99)]
[(3, 23), (12, 51), (32, 81), (36, 46), (36, 98), (37, 83), (42, 49), (47, 81), (60, 99)]
[(6, 90), (12, 51), (32, 81), (36, 98), (42, 49), (47, 81), (61, 87)]
