[(0, 65), (6, 33), (14, 92), (27, 95), (29, 44), (34, 97), (66, 95), (74, 75), (75, 92), (86, 99)]
[(0, 65), (6, 33), (14, 92), (29, 44), (34, 97), (66, 95), (75, 92), (86, 99)]
[(6, 33), (14, 92), (29, 44), (29, 93), (34, 56), (34, 97), (66, 95), (75, 92)]
[(0, 74), (13, 62), (14, 92), (15, 85), (29, 93), (75, 92), (82, 99)]
[(0, 74), (10, 14), (10, 62), (14, 92), (24, 31), (24, 63), (29, 93), (82, 99)]
[(0, 74), (0, 92), (7, 11), (10, 62), (11, 91), (24, 31), (24, 63), (50, 77), (53, 57), (59, 63), (76, 78), (82, 99)]
[(0, 74), (0, 92), (7, 11), (11, 91), (24, 31), (24, 63), (28, 91), (30, 86), (42, 49), (50, 77), (53, 57), (54, 97), (57, 83), (59, 63), (69, 79), (76, 78)]
[(0, 74), (0, 92), (7, 11), (7, 28), (11, 91), (15, 76), (21, 31), (24, 63), (28, 44), (28, 91), (30, 86), (32, 81), (40, 83), (53, 57), (54, 97), (57, 83), (59, 63), (69, 79)]
[(0, 74), (0, 92), (7, 11), (7, 28), (15, 76), (21, 24), (21, 31), (24, 63), (28, 44), (28, 91), (30, 86), (32, 81), (35, 82), (40, 83), (45, 46), (46, 69), (53, 57), (54, 97), (57, 83), (69, 79)]
[(0, 92), (7, 28), (15, 76), (21, 24), (21, 31), (28, 44), (28, 91), (30, 86), (32, 51), (32, 81), (35, 75), (35, 82), (37, 79), (40, 83), (43, 54), (45, 46), (46, 69), (53, 57), (54, 97), (55, 75), (55, 92), (57, 83), (69, 79)]
[(0, 75), (0, 92), (4, 86), (7, 28), (10, 65), (15, 76), (16, 37), (21, 24), (21, 31), (28, 44), (30, 86), (32, 51), (32, 78), (35, 75), (35, 82), (35, 99), (45, 46), (46, 69), (53, 57), (54, 97), (55, 92), (57, 83), (65, 74), (65, 92)]
[(4, 86), (7, 28), (10, 65), (15, 76), (16, 19), (17, 97), (21, 24), (28, 68), (30, 86), (32, 47), (32, 51), (32, 78), (34, 54), (35, 75), (35, 82), (44, 91), (45, 46), (46, 69), (54, 97), (65, 74), (65, 92)]
[(4, 86), (7, 28), (10, 65), (15, 76), (16, 19), (17, 97), (21, 24), (28, 68), (31, 95), (32, 47), (32, 51), (32, 78), (35, 75), (35, 82), (45, 90), (46, 69), (65, 92)]
[(1, 77), (4, 86), (6, 46), (7, 28), (10, 65), (28, 68), (30, 62), (31, 95), (32, 51), (32, 78), (35, 75), (35, 82), (45, 90), (46, 69), (58, 71), (65, 92)]
[(1, 77), (4, 86), (6, 46), (10, 65), (30, 62), (31, 95), (32, 51), (35, 75), (37, 90), (45, 90), (80, 96)]
[(1, 50), (1, 77), (4, 86), (6, 46), (12, 58), (21, 79), (30, 62), (31, 95), (35, 75), (63, 95)]
[(1, 50), (1, 77), (6, 46), (12, 58), (12, 71), (21, 79), (30, 62), (31, 95), (63, 95)]
[(1, 50), (1, 61), (1, 87), (6, 46), (7, 93), (12, 71), (14, 35), (21, 79), (30, 62), (31, 95), (33, 44), (39, 68), (63, 95)]
[(1, 50), (6, 46), (7, 93), (12, 71), (14, 35), (31, 95), (33, 44), (39, 68), (60, 99), (63, 95), (78, 81)]
[(6, 50), (12, 71), (14, 35), (33, 44), (39, 68), (46, 98), (58, 88), (63, 95), (78, 81)]
[(4, 48), (6, 50), (12, 71), (12, 78), (12, 81), (14, 35), (29, 30), (33, 44), (33, 91), (39, 68), (42, 60), (49, 72), (58, 88), (71, 85), (71, 88)]
[(3, 17), (4, 48), (12, 71), (12, 81), (33, 44), (33, 91), (39, 68), (39, 93), (71, 88)]
[(3, 17), (4, 48), (10, 28), (12, 71), (12, 81), (28, 74), (33, 44), (33, 91), (34, 43), (36, 46), (39, 68), (39, 93), (78, 88), (81, 85)]
[(3, 17), (3, 54), (4, 48), (10, 28), (19, 53), (23, 54), (23, 63), (28, 74), (33, 44), (33, 91), (36, 46), (39, 93), (78, 88), (81, 85)]
[(2, 4), (3, 54), (4, 48), (10, 28), (19, 53), (23, 54), (28, 74), (33, 44), (37, 53), (42, 86), (78, 88), (81, 85)]
[(2, 4), (3, 54), (9, 72), (10, 28), (30, 57), (37, 53), (42, 86), (47, 85), (78, 88), (81, 85)]
[(2, 4), (9, 72), (9, 89), (30, 57), (37, 53), (37, 83), (38, 83), (42, 86), (44, 90), (47, 85), (53, 69), (67, 85), (81, 85)]
[(5, 90), (7, 40), (9, 72), (9, 89), (22, 32), (30, 48), (30, 57), (47, 85), (53, 69), (67, 85)]
[(5, 90), (7, 40), (9, 72), (9, 89), (22, 32), (30, 48), (30, 57), (37, 38), (47, 85), (53, 69), (62, 75), (67, 85)]
[(5, 90), (9, 72), (9, 89), (13, 75), (21, 38), (22, 32), (30, 48), (30, 57), (47, 85), (53, 69), (62, 75), (64, 77), (67, 85), (77, 94)]
[(1, 16), (4, 80), (5, 6), (5, 90), (9, 89), (13, 75), (21, 38), (22, 32), (22, 76), (30, 48), (30, 57), (47, 85), (51, 85), (53, 69), (62, 75), (64, 77), (69, 83)]
[(1, 16), (4, 80), (5, 6), (5, 90), (9, 89), (21, 38), (22, 76), (53, 69), (62, 75), (69, 83)]
[(1, 16), (1, 73), (3, 63), (5, 6), (9, 89), (21, 38), (22, 76), (26, 62), (39, 91), (54, 63), (61, 64), (62, 75), (64, 87)]
[(1, 73), (5, 6), (6, 33), (21, 38), (22, 76), (26, 62), (27, 95), (39, 91), (54, 63), (61, 64), (62, 75), (64, 87), (67, 71), (80, 84), (86, 99)]
[(0, 65), (1, 73), (5, 6), (6, 33), (21, 38), (22, 76), (26, 62), (27, 95), (36, 70), (54, 63), (62, 75), (86, 99)]
[(0, 65), (6, 33), (22, 76), (26, 62), (27, 95), (29, 44), (34, 97), (36, 70), (66, 95), (86, 99)]
[(0, 65), (6, 33), (14, 92), (27, 95), (29, 44), (34, 97), (66, 95), (74, 75), (75, 92), (86, 99)]
[(0, 65), (6, 33), (14, 92), (29, 44), (34, 97), (66, 95), (75, 92), (86, 99)]
[(6, 33), (14, 92), (29, 44), (29, 93), (34, 56), (34, 97), (66, 95), (75, 92)]
[(0, 74), (13, 62), (14, 92), (15, 85), (29, 93), (75, 92), (82, 99)]
[(0, 74), (10, 14), (10, 62), (14, 92), (24, 31), (24, 63), (29, 93), (82, 99)]
[(0, 74), (0, 92), (7, 11), (10, 62), (11, 91), (24, 31), (24, 63), (50, 77), (53, 57), (59, 63), (76, 78), (82, 99)]
[(0, 74), (0, 92), (7, 11), (11, 91), (24, 31), (24, 63), (28, 91), (30, 86), (42, 49), (50, 77), (53, 57), (54, 97), (57, 83), (59, 63), (69, 79), (76, 78)]
[(0, 74), (0, 92), (7, 11), (7, 28), (11, 91), (15, 76), (21, 31), (24, 63), (28, 44), (28, 91), (30, 86), (32, 81), (40, 83), (53, 57), (54, 97), (57, 83), (59, 63), (69, 79)]
[(0, 74), (0, 92), (7, 11), (7, 28), (15, 76), (21, 24), (21, 31), (24, 63), (28, 44), (28, 91), (30, 86), (32, 81), (35, 82), (40, 83), (45, 46), (46, 69), (53, 57), (54, 97), (57, 83), (69, 79)]
[(0, 92), (7, 28), (15, 76), (21, 24), (21, 31), (28, 44), (28, 91), (30, 86), (32, 51), (32, 81), (35, 75), (35, 82), (37, 79), (40, 83), (43, 54), (45, 46), (46, 69), (53, 57), (54, 97), (55, 75), (55, 92), (57, 83), (69, 79)]
[(0, 75), (0, 92), (4, 86), (7, 28), (10, 65), (15, 76), (16, 37), (21, 24), (21, 31), (28, 44), (30, 86), (32, 51), (32, 78), (35, 75), (35, 82), (35, 99), (45, 46), (46, 69), (53, 57), (54, 97), (55, 92), (57, 83), (65, 74), (65, 92)]
[(4, 86), (7, 28), (10, 65), (15, 76), (16, 19), (17, 97), (21, 24), (28, 68), (30, 86), (32, 47), (32, 51), (32, 78), (34, 54), (35, 75), (35, 82), (44, 91), (45, 46), (46, 69), (54, 97), (65, 74), (65, 92)]
[(4, 86), (7, 28), (10, 65), (15, 76), (16, 19), (17, 97), (21, 24), (28, 68), (31, 95), (32, 47), (32, 51), (32, 78), (35, 75), (35, 82), (45, 90), (46, 69), (65, 92)]
[(1, 77), (4, 86), (6, 46), (7, 28), (10, 65), (28, 68), (30, 62), (31, 95), (32, 51), (32, 78), (35, 75), (35, 82), (45, 90), (46, 69), (58, 71), (65, 92)]
[(1, 77), (4, 86), (6, 46), (10, 65), (30, 62), (31, 95), (32, 51), (35, 75), (37, 90), (45, 90), (80, 96)]
[(1, 50), (1, 77), (4, 86), (6, 46), (12, 58), (21, 79), (30, 62), (31, 95), (35, 75), (63, 95)]
[(1, 50), (1, 77), (6, 46), (12, 58), (12, 71), (21, 79), (30, 62), (31, 95), (63, 95)]
[(1, 50), (1, 61), (1, 87), (6, 46), (7, 93), (12, 71), (14, 35), (21, 79), (30, 62), (31, 95), (33, 44), (39, 68), (63, 95)]
[(1, 50), (6, 46), (7, 93), (12, 71), (14, 35), (31, 95), (33, 44), (39, 68), (60, 99), (63, 95), (78, 81)]
[(6, 50), (12, 71), (14, 35), (33, 44), (39, 68), (46, 98), (58, 88), (63, 95), (78, 81)]
[(4, 48), (6, 50), (12, 71), (12, 78), (12, 81), (14, 35), (29, 30), (33, 44), (33, 91), (39, 68), (42, 60), (49, 72), (58, 88), (71, 85), (71, 88)]
[(3, 17), (4, 48), (12, 71), (12, 81), (33, 44), (33, 91), (39, 68), (39, 93), (71, 88)]
[(3, 17), (4, 48), (10, 28), (12, 71), (12, 81), (28, 74), (33, 44), (33, 91), (34, 43), (36, 46), (39, 68), (39, 93), (78, 88), (81, 85)]
[(3, 17), (3, 54), (4, 48), (10, 28), (19, 53), (23, 54), (23, 63), (28, 74), (33, 44), (33, 91), (36, 46), (39, 93), (78, 88), (81, 85)]
[(2, 4), (3, 54), (4, 48), (10, 28), (19, 53), (23, 54), (28, 74), (33, 44), (37, 53), (42, 86), (78, 88), (81, 85)]
[(2, 4), (3, 54), (9, 72), (10, 28), (30, 57), (37, 53), (42, 86), (47, 85), (78, 88), (81, 85)]
[(2, 4), (9, 72), (9, 89), (30, 57), (37, 53), (37, 83), (38, 83), (42, 86), (44, 90), (47, 85), (53, 69), (67, 85), (81, 85)]
[(5, 90), (7, 40), (9, 72), (9, 89), (22, 32), (30, 48), (30, 57), (47, 85), (53, 69), (67, 85)]
[(5, 90), (7, 40), (9, 72), (9, 89), (22, 32), (30, 48), (30, 57), (37, 38), (47, 85), (53, 69), (62, 75), (67, 85)]
[(5, 90), (9, 72), (9, 89), (13, 75), (21, 38), (22, 32), (30, 48), (30, 57), (47, 85), (53, 69), (62, 75), (64, 77), (67, 85), (77, 94)]
[(1, 16), (4, 80), (5, 6), (5, 90), (9, 89), (13, 75), (21, 38), (22, 32), (22, 76), (30, 48), (30, 57), (47, 85), (51, 85), (53, 69), (62, 75), (64, 77), (69, 83)]
[(1, 16), (4, 80), (5, 6), (5, 90), (9, 89), (21, 38), (22, 76), (53, 69), (62, 75), (69, 83)]
[(1, 16), (1, 73), (3, 63), (5, 6), (9, 89), (21, 38), (22, 76), (26, 62), (39, 91), (54, 63), (61, 64), (62, 75), (64, 87)]
[(1, 73), (5, 6), (6, 33), (21, 38), (22, 76), (26, 62), (27, 95), (39, 91), (54, 63), (61, 64), (62, 75), (64, 87), (67, 71), (80, 84), (86, 99)]
[(0, 65), (1, 73), (5, 6), (6, 33), (21, 38), (22, 76), (26, 62), (27, 95), (36, 70), (54, 63), (62, 75), (86, 99)]
[(0, 65), (6, 33), (22, 76), (26, 62), (27, 95), (29, 44), (34, 97), (36, 70), (66, 95), (86, 99)]
[(0, 65), (6, 33), (14, 92), (27, 95), (29, 44), (34, 97), (66, 95), (74, 75), (75, 92), (86, 99)]
[(0, 65), (6, 33), (14, 92), (29, 44), (34, 97), (66, 95), (75, 92), (86, 99)]
[(6, 33), (14, 92), (29, 44), (29, 93), (34, 56), (34, 97), (66, 95), (75, 92)]
[(0, 74), (13, 62), (14, 92), (15, 85), (29, 93), (75, 92), (82, 99)]
[(0, 74), (10, 14), (10, 62), (14, 92), (24, 31), (24, 63), (29, 93), (82, 99)]
[(0, 74), (0, 92), (7, 11), (10, 62), (11, 91), (24, 31), (24, 63), (50, 77), (53, 57), (59, 63), (76, 78), (82, 99)]
[(0, 74), (0, 92), (7, 11), (11, 91), (24, 31), (24, 63), (28, 91), (30, 86), (42, 49), (50, 77), (53, 57), (54, 97), (57, 83), (59, 63), (69, 79), (76, 78)]
[(0, 74), (0, 92), (7, 11), (7, 28), (11, 91), (15, 76), (21, 31), (24, 63), (28, 44), (28, 91), (30, 86), (32, 81), (40, 83), (53, 57), (54, 97), (57, 83), (59, 63), (69, 79)]
[(0, 74), (0, 92), (7, 11), (7, 28), (15, 76), (21, 24), (21, 31), (24, 63), (28, 44), (28, 91), (30, 86), (32, 81), (35, 82), (40, 83), (45, 46), (46, 69), (53, 57), (54, 97), (57, 83), (69, 79)]
[(0, 92), (7, 28), (15, 76), (21, 24), (21, 31), (28, 44), (28, 91), (30, 86), (32, 51), (32, 81), (35, 75), (35, 82), (37, 79), (40, 83), (43, 54), (45, 46), (46, 69), (53, 57), (54, 97), (55, 75), (55, 92), (57, 83), (69, 79)]
[(0, 75), (0, 92), (4, 86), (7, 28), (10, 65), (15, 76), (16, 37), (21, 24), (21, 31), (28, 44), (30, 86), (32, 51), (32, 78), (35, 75), (35, 82), (35, 99), (45, 46), (46, 69), (53, 57), (54, 97), (55, 92), (57, 83), (65, 74), (65, 92)]
[(4, 86), (7, 28), (10, 65), (15, 76), (16, 19), (17, 97), (21, 24), (28, 68), (30, 86), (32, 47), (32, 51), (32, 78), (34, 54), (35, 75), (35, 82), (44, 91), (45, 46), (46, 69), (54, 97), (65, 74), (65, 92)]
[(4, 86), (7, 28), (10, 65), (15, 76), (16, 19), (17, 97), (21, 24), (28, 68), (31, 95), (32, 47), (32, 51), (32, 78), (35, 75), (35, 82), (45, 90), (46, 69), (65, 92)]
[(1, 77), (4, 86), (6, 46), (7, 28), (10, 65), (28, 68), (30, 62), (31, 95), (32, 51), (32, 78), (35, 75), (35, 82), (45, 90), (46, 69), (58, 71), (65, 92)]
[(1, 77), (4, 86), (6, 46), (10, 65), (30, 62), (31, 95), (32, 51), (35, 75), (37, 90), (45, 90), (80, 96)]
[(1, 50), (1, 77), (4, 86), (6, 46), (12, 58), (21, 79), (30, 62), (31, 95), (35, 75), (63, 95)]
[(1, 50), (1, 77), (6, 46), (12, 58), (12, 71), (21, 79), (30, 62), (31, 95), (63, 95)]
[(1, 50), (1, 61), (1, 87), (6, 46), (7, 93), (12, 71), (14, 35), (21, 79), (30, 62), (31, 95), (33, 44), (39, 68), (63, 95)]
[(1, 50), (6, 46), (7, 93), (12, 71), (14, 35), (31, 95), (33, 44), (39, 68), (60, 99), (63, 95), (78, 81)]
[(6, 50), (12, 71), (14, 35), (33, 44), (39, 68), (46, 98), (58, 88), (63, 95), (78, 81)]
[(4, 48), (6, 50), (12, 71), (12, 78), (12, 81), (14, 35), (29, 30), (33, 44), (33, 91), (39, 68), (42, 60), (49, 72), (58, 88), (71, 85), (71, 88)]
[(3, 17), (4, 48), (12, 71), (12, 81), (33, 44), (33, 91), (39, 68), (39, 93), (71, 88)]
[(3, 17), (4, 48), (10, 28), (12, 71), (12, 81), (28, 74), (33, 44), (33, 91), (34, 43), (36, 46), (39, 68), (39, 93), (78, 88), (81, 85)]
[(3, 17), (3, 54), (4, 48), (10, 28), (19, 53), (23, 54), (23, 63), (28, 74), (33, 44), (33, 91), (36, 46), (39, 93), (78, 88), (81, 85)]
[(2, 4), (3, 54), (4, 48), (10, 28), (19, 53), (23, 54), (28, 74), (33, 44), (37, 53), (42, 86), (78, 88), (81, 85)]
[(2, 4), (3, 54), (9, 72), (10, 28), (30, 57), (37, 53), (42, 86), (47, 85), (78, 88), (81, 85)]
[(2, 4), (9, 72), (9, 89), (30, 57), (37, 53), (37, 83), (38, 83), (42, 86), (44, 90), (47, 85), (53, 69), (67, 85), (81, 85)]
[(5, 90), (7, 40), (9, 72), (9, 89), (22, 32), (30, 48), (30, 57), (47, 85), (53, 69), (67, 85)]
[(5, 90), (7, 40), (9, 72), (9, 89), (22, 32), (30, 48), (30, 57), (37, 38), (47, 85), (53, 69), (62, 75), (67, 85)]
[(5, 90), (9, 72), (9, 89), (13, 75), (21, 38), (22, 32), (30, 48), (30, 57), (47, 85), (53, 69), (62, 75), (64, 77), (67, 85), (77, 94)]
[(1, 16), (4, 80), (5, 6), (5, 90), (9, 89), (13, 75), (21, 38), (22, 32), (22, 76), (30, 48), (30, 57), (47, 85), (51, 85), (53, 69), (62, 75), (64, 77), (69, 83)]
[(1, 16), (4, 80), (5, 6), (5, 90), (9, 89), (21, 38), (22, 76), (53, 69), (62, 75), (69, 83)]
[(1, 16), (1, 73), (3, 63), (5, 6), (9, 89), (21, 38), (22, 76), (26, 62), (39, 91), (54, 63), (61, 64), (62, 75), (64, 87)]
[(1, 73), (5, 6), (6, 33), (21, 38), (22, 76), (26, 62), (27, 95), (39, 91), (54, 63), (61, 64), (62, 75), (64, 87), (67, 71), (80, 84), (86, 99)]
[(0, 65), (1, 73), (5, 6), (6, 33), (21, 38), (22, 76), (26, 62), (27, 95), (36, 70), (54, 63), (62, 75), (86, 99)]
[(0, 65), (6, 33), (22, 76), (26, 62), (27, 95), (29, 44), (34, 97), (36, 70), (66, 95), (86, 99)]
[(0, 65), (6, 33), (14, 92), (27, 95), (29, 44), (34, 97), (66, 95), (74, 75), (75, 92), (86, 99)]
[(0, 65), (6, 33), (14, 92), (29, 44), (34, 97), (66, 95), (75, 92), (86, 99)]
[(6, 33), (14, 92), (29, 44), (29, 93), (34, 56), (34, 97), (66, 95), (75, 92)]
[(0, 74), (13, 62), (14, 92), (15, 85), (29, 93), (75, 92), (82, 99)]
[(0, 74), (10, 14), (10, 62), (14, 92), (24, 31), (24, 63), (29, 93), (82, 99)]
[(0, 74), (0, 92), (7, 11), (10, 62), (11, 91), (24, 31), (24, 63), (50, 77), (53, 57), (59, 63), (76, 78), (82, 99)]
[(0, 74), (0, 92), (7, 11), (11, 91), (24, 31), (24, 63), (28, 91), (30, 86), (42, 49), (50, 77), (53, 57), (54, 97), (57, 83), (59, 63), (69, 79), (76, 78)]
[(0, 74), (0, 92), (7, 11), (7, 28), (11, 91), (15, 76), (21, 31), (24, 63), (28, 44), (28, 91), (30, 86), (32, 81), (40, 83), (53, 57), (54, 97), (57, 83), (59, 63), (69, 79)]
[(0, 74), (0, 92), (7, 11), (7, 28), (15, 76), (21, 24), (21, 31), (24, 63), (28, 44), (28, 91), (30, 86), (32, 81), (35, 82), (40, 83), (45, 46), (46, 69), (53, 57), (54, 97), (57, 83), (69, 79)]
[(0, 92), (7, 28), (15, 76), (21, 24), (21, 31), (28, 44), (28, 91), (30, 86), (32, 51), (32, 81), (35, 75), (35, 82), (37, 79), (40, 83), (43, 54), (45, 46), (46, 69), (53, 57), (54, 97), (55, 75), (55, 92), (57, 83), (69, 79)]
[(0, 75), (0, 92), (4, 86), (7, 28), (10, 65), (15, 76), (16, 37), (21, 24), (21, 31), (28, 44), (30, 86), (32, 51), (32, 78), (35, 75), (35, 82), (35, 99), (45, 46), (46, 69), (53, 57), (54, 97), (55, 92), (57, 83), (65, 74), (65, 92)]
[(4, 86), (7, 28), (10, 65), (15, 76), (16, 19), (17, 97), (21, 24), (28, 68), (30, 86), (32, 47), (32, 51), (32, 78), (34, 54), (35, 75), (35, 82), (44, 91), (45, 46), (46, 69), (54, 97), (65, 74), (65, 92)]
[(4, 86), (7, 28), (10, 65), (15, 76), (16, 19), (17, 97), (21, 24), (28, 68), (31, 95), (32, 47), (32, 51), (32, 78), (35, 75), (35, 82), (45, 90), (46, 69), (65, 92)]
[(1, 77), (4, 86), (6, 46), (7, 28), (10, 65), (28, 68), (30, 62), (31, 95), (32, 51), (32, 78), (35, 75), (35, 82), (45, 90), (46, 69), (58, 71), (65, 92)]
[(1, 77), (4, 86), (6, 46), (10, 65), (30, 62), (31, 95), (32, 51), (35, 75), (37, 90), (45, 90), (80, 96)]
[(1, 50), (1, 77), (4, 86), (6, 46), (12, 58), (21, 79), (30, 62), (31, 95), (35, 75), (63, 95)]
[(1, 50), (1, 77), (6, 46), (12, 58), (12, 71), (21, 79), (30, 62), (31, 95), (63, 95)]
[(1, 50), (1, 61), (1, 87), (6, 46), (7, 93), (12, 71), (14, 35), (21, 79), (30, 62), (31, 95), (33, 44), (39, 68), (63, 95)]
[(1, 50), (6, 46), (7, 93), (12, 71), (14, 35), (31, 95), (33, 44), (39, 68), (60, 99), (63, 95), (78, 81)]
[(6, 50), (12, 71), (14, 35), (33, 44), (39, 68), (46, 98), (58, 88), (63, 95), (78, 81)]
[(4, 48), (6, 50), (12, 71), (12, 78), (12, 81), (14, 35), (29, 30), (33, 44), (33, 91), (39, 68), (42, 60), (49, 72), (58, 88), (71, 85), (71, 88)]
[(3, 17), (4, 48), (12, 71), (12, 81), (33, 44), (33, 91), (39, 68), (39, 93), (71, 88)]
[(3, 17), (4, 48), (10, 28), (12, 71), (12, 81), (28, 74), (33, 44), (33, 91), (34, 43), (36, 46), (39, 68), (39, 93), (78, 88), (81, 85)]
[(3, 17), (3, 54), (4, 48), (10, 28), (19, 53), (23, 54), (23, 63), (28, 74), (33, 44), (33, 91), (36, 46), (39, 93), (78, 88), (81, 85)]
[(2, 4), (3, 54), (4, 48), (10, 28), (19, 53), (23, 54), (28, 74), (33, 44), (37, 53), (42, 86), (78, 88), (81, 85)]
[(2, 4), (3, 54), (9, 72), (10, 28), (30, 57), (37, 53), (42, 86), (47, 85), (78, 88), (81, 85)]
[(2, 4), (9, 72), (9, 89), (30, 57), (37, 53), (37, 83), (38, 83), (42, 86), (44, 90), (47, 85), (53, 69), (67, 85), (81, 85)]
[(5, 90), (7, 40), (9, 72), (9, 89), (22, 32), (30, 48), (30, 57), (47, 85), (53, 69), (67, 85)]
[(5, 90), (7, 40), (9, 72), (9, 89), (22, 32), (30, 48), (30, 57), (37, 38), (47, 85), (53, 69), (62, 75), (67, 85)]
[(5, 90), (9, 72), (9, 89), (13, 75), (21, 38), (22, 32), (30, 48), (30, 57), (47, 85), (53, 69), (62, 75), (64, 77), (67, 85), (77, 94)]
[(1, 16), (4, 80), (5, 6), (5, 90), (9, 89), (13, 75), (21, 38), (22, 32), (22, 76), (30, 48), (30, 57), (47, 85), (51, 85), (53, 69), (62, 75), (64, 77), (69, 83)]
[(1, 16), (4, 80), (5, 6), (5, 90), (9, 89), (21, 38), (22, 76), (53, 69), (62, 75), (69, 83)]
[(1, 16), (1, 73), (3, 63), (5, 6), (9, 89), (21, 38), (22, 76), (26, 62), (39, 91), (54, 63), (61, 64), (62, 75), (64, 87)]
[(1, 73), (5, 6), (6, 33), (21, 38), (22, 76), (26, 62), (27, 95), (39, 91), (54, 63), (61, 64), (62, 75), (64, 87), (67, 71), (80, 84), (86, 99)]
[(0, 65), (1, 73), (5, 6), (6, 33), (21, 38), (22, 76), (26, 62), (27, 95), (36, 70), (54, 63), (62, 75), (86, 99)]
[(0, 65), (6, 33), (22, 76), (26, 62), (27, 95), (29, 44), (34, 97), (36, 70), (66, 95), (86, 99)]
[(0, 65), (6, 33), (14, 92), (27, 95), (29, 44), (34, 97), (66, 95), (74, 75), (75, 92), (86, 99)]
[(0, 65), (6, 33), (14, 92), (29, 44), (34, 97), (66, 95), (75, 92), (86, 99)]
[(6, 33), (14, 92), (29, 44), (29, 93), (34, 56), (34, 97), (66, 95), (75, 92)]
[(0, 74), (13, 62), (14, 92), (15, 85), (29, 93), (75, 92), (82, 99)]
[(0, 74), (10, 14), (10, 62), (14, 92), (24, 31), (24, 63), (29, 93), (82, 99)]
[(0, 74), (0, 92), (7, 11), (10, 62), (11, 91), (24, 31), (24, 63), (50, 77), (53, 57), (59, 63), (76, 78), (82, 99)]
[(0, 74), (0, 92), (7, 11), (11, 91), (24, 31), (24, 63), (28, 91), (30, 86), (42, 49), (50, 77), (53, 57), (54, 97), (57, 83), (59, 63), (69, 79), (76, 78)]
[(0, 74), (0, 92), (7, 11), (7, 28), (11, 91), (15, 76), (21, 31), (24, 63), (28, 44), (28, 91), (30, 86), (32, 81), (40, 83), (53, 57), (54, 97), (57, 83), (59, 63), (69, 79)]
[(0, 74), (0, 92), (7, 11), (7, 28), (15, 76), (21, 24), (21, 31), (24, 63), (28, 44), (28, 91), (30, 86), (32, 81), (35, 82), (40, 83), (45, 46), (46, 69), (53, 57), (54, 97), (57, 83), (69, 79)]
[(0, 92), (7, 28), (15, 76), (21, 24), (21, 31), (28, 44), (28, 91), (30, 86), (32, 51), (32, 81), (35, 75), (35, 82), (37, 79), (40, 83), (43, 54), (45, 46), (46, 69), (53, 57), (54, 97), (55, 75), (55, 92), (57, 83), (69, 79)]
[(0, 75), (0, 92), (4, 86), (7, 28), (10, 65), (15, 76), (16, 37), (21, 24), (21, 31), (28, 44), (30, 86), (32, 51), (32, 78), (35, 75), (35, 82), (35, 99), (45, 46), (46, 69), (53, 57), (54, 97), (55, 92), (57, 83), (65, 74), (65, 92)]
[(4, 86), (7, 28), (10, 65), (15, 76), (16, 19), (17, 97), (21, 24), (28, 68), (30, 86), (32, 47), (32, 51), (32, 78), (34, 54), (35, 75), (35, 82), (44, 91), (45, 46), (46, 69), (54, 97), (65, 74), (65, 92)]
[(4, 86), (7, 28), (10, 65), (15, 76), (16, 19), (17, 97), (21, 24), (28, 68), (31, 95), (32, 47), (32, 51), (32, 78), (35, 75), (35, 82), (45, 90), (46, 69), (65, 92)]
[(1, 77), (4, 86), (6, 46), (7, 28), (10, 65), (28, 68), (30, 62), (31, 95), (32, 51), (32, 78), (35, 75), (35, 82), (45, 90), (46, 69), (58, 71), (65, 92)]
[(1, 77), (4, 86), (6, 46), (10, 65), (30, 62), (31, 95), (32, 51), (35, 75), (37, 90), (45, 90), (80, 96)]
[(1, 50), (1, 77), (4, 86), (6, 46), (12, 58), (21, 79), (30, 62), (31, 95), (35, 75), (63, 95)]
[(1, 50), (1, 77), (6, 46), (12, 58), (12, 71), (21, 79), (30, 62), (31, 95), (63, 95)]
[(1, 50), (1, 61), (1, 87), (6, 46), (7, 93), (12, 71), (14, 35), (21, 79), (30, 62), (31, 95), (33, 44), (39, 68), (63, 95)]
[(1, 50), (6, 46), (7, 93), (12, 71), (14, 35), (31, 95), (33, 44), (39, 68), (60, 99), (63, 95), (78, 81)]
[(6, 50), (12, 71), (14, 35), (33, 44), (39, 68), (46, 98), (58, 88), (63, 95), (78, 81)]
[(4, 48), (6, 50), (12, 71), (12, 78), (12, 81), (14, 35), (29, 30), (33, 44), (33, 91), (39, 68), (42, 60), (49, 72), (58, 88), (71, 85), (71, 88)]
[(3, 17), (4, 48), (12, 71), (12, 81), (33, 44), (33, 91), (39, 68), (39, 93), (71, 88)]
[(3, 17), (4, 48), (10, 28), (12, 71), (12, 81), (28, 74), (33, 44), (33, 91), (34, 43), (36, 46), (39, 68), (39, 93), (78, 88), (81, 85)]
[(3, 17), (3, 54), (4, 48), (10, 28), (19, 53), (23, 54), (23, 63), (28, 74), (33, 44), (33, 91), (36, 46), (39, 93), (78, 88), (81, 85)]
[(2, 4), (3, 54), (4, 48), (10, 28), (19, 53), (23, 54), (28, 74), (33, 44), (37, 53), (42, 86), (78, 88), (81, 85)]
[(2, 4), (3, 54), (9, 72), (10, 28), (30, 57), (37, 53), (42, 86), (47, 85), (78, 88), (81, 85)]
[(2, 4), (9, 72), (9, 89), (30, 57), (37, 53), (37, 83), (38, 83), (42, 86), (44, 90), (47, 85), (53, 69), (67, 85), (81, 85)]
[(5, 90), (7, 40), (9, 72), (9, 89), (22, 32), (30, 48), (30, 57), (47, 85), (53, 69), (67, 85)]
[(5, 90), (7, 40), (9, 72), (9, 89), (22, 32), (30, 48), (30, 57), (37, 38), (47, 85), (53, 69), (62, 75), (67, 85)]
[(5, 90), (9, 72), (9, 89), (13, 75), (21, 38), (22, 32), (30, 48), (30, 57), (47, 85), (53, 69), (62, 75), (64, 77), (67, 85), (77, 94)]
[(1, 16), (4, 80), (5, 6), (5, 90), (9, 89), (13, 75), (21, 38), (22, 32), (22, 76), (30, 48), (30, 57), (47, 85), (51, 85), (53, 69), (62, 75), (64, 77), (69, 83)]
[(1, 16), (4, 80), (5, 6), (5, 90), (9, 89), (21, 38), (22, 76), (53, 69), (62, 75), (69, 83)]
[(1, 16), (1, 73), (3, 63), (5, 6), (9, 89), (21, 38), (22, 76), (26, 62), (39, 91), (54, 63), (61, 64), (62, 75), (64, 87)]
[(1, 73), (5, 6), (6, 33), (21, 38), (22, 76), (26, 62), (27, 95), (39, 91), (54, 63), (61, 64), (62, 75), (64, 87), (67, 71), (80, 84), (86, 99)]
[(0, 65), (1, 73), (5, 6), (6, 33), (21, 38), (22, 76), (26, 62), (27, 95), (36, 70), (54, 63), (62, 75), (86, 99)]
[(0, 65), (6, 33), (22, 76), (26, 62), (27, 95), (29, 44), (34, 97), (36, 70), (66, 95), (86, 99)]
[(0, 65), (6, 33), (14, 92), (27, 95), (29, 44), (34, 97), (66, 95), (74, 75), (75, 92), (86, 99)]
[(0, 65), (6, 33), (14, 92), (29, 44), (34, 97), (66, 95), (75, 92), (86, 99)]
[(6, 33), (14, 92), (29, 44), (29, 93), (34, 56), (34, 97), (66, 95), (75, 92)]
[(0, 74), (13, 62), (14, 92), (15, 85), (29, 93), (75, 92), (82, 99)]
[(0, 74), (10, 14), (10, 62), (14, 92), (24, 31), (24, 63), (29, 93), (82, 99)]
[(0, 74), (0, 92), (7, 11), (10, 62), (11, 91), (24, 31), (24, 63), (50, 77), (53, 57), (59, 63), (76, 78), (82, 99)]
[(0, 74), (0, 92), (7, 11), (11, 91), (24, 31), (24, 63), (28, 91), (30, 86), (42, 49), (50, 77), (53, 57), (54, 97), (57, 83), (59, 63), (69, 79), (76, 78)]
[(0, 74), (0, 92), (7, 11), (7, 28), (11, 91), (15, 76), (21, 31), (24, 63), (28, 44), (28, 91), (30, 86), (32, 81), (40, 83), (53, 57), (54, 97), (57, 83), (59, 63), (69, 79)]
[(0, 74), (0, 92), (7, 11), (7, 28), (15, 76), (21, 24), (21, 31), (24, 63), (28, 44), (28, 91), (30, 86), (32, 81), (35, 82), (40, 83), (45, 46), (46, 69), (53, 57), (54, 97), (57, 83), (69, 79)]
[(0, 92), (7, 28), (15, 76), (21, 24), (21, 31), (28, 44), (28, 91), (30, 86), (32, 51), (32, 81), (35, 75), (35, 82), (37, 79), (40, 83), (43, 54), (45, 46), (46, 69), (53, 57), (54, 97), (55, 75), (55, 92), (57, 83), (69, 79)]
[(0, 75), (0, 92), (4, 86), (7, 28), (10, 65), (15, 76), (16, 37), (21, 24), (21, 31), (28, 44), (30, 86), (32, 51), (32, 78), (35, 75), (35, 82), (35, 99), (45, 46), (46, 69), (53, 57), (54, 97), (55, 92), (57, 83), (65, 74), (65, 92)]
[(4, 86), (7, 28), (10, 65), (15, 76), (16, 19), (17, 97), (21, 24), (28, 68), (30, 86), (32, 47), (32, 51), (32, 78), (34, 54), (35, 75), (35, 82), (44, 91), (45, 46), (46, 69), (54, 97), (65, 74), (65, 92)]
[(4, 86), (7, 28), (10, 65), (15, 76), (16, 19), (17, 97), (21, 24), (28, 68), (31, 95), (32, 47), (32, 51), (32, 78), (35, 75), (35, 82), (45, 90), (46, 69), (65, 92)]
[(1, 77), (4, 86), (6, 46), (7, 28), (10, 65), (28, 68), (30, 62), (31, 95), (32, 51), (32, 78), (35, 75), (35, 82), (45, 90), (46, 69), (58, 71), (65, 92)]
[(1, 77), (4, 86), (6, 46), (10, 65), (30, 62), (31, 95), (32, 51), (35, 75), (37, 90), (45, 90), (80, 96)]
[(1, 50), (1, 77), (4, 86), (6, 46), (12, 58), (21, 79), (30, 62), (31, 95), (35, 75), (63, 95)]
[(1, 50), (1, 77), (6, 46), (12, 58), (12, 71), (21, 79), (30, 62), (31, 95), (63, 95)]
[(1, 50), (1, 61), (1, 87), (6, 46), (7, 93), (12, 71), (14, 35), (21, 79), (30, 62), (31, 95), (33, 44), (39, 68), (63, 95)]
[(1, 50), (6, 46), (7, 93), (12, 71), (14, 35), (31, 95), (33, 44), (39, 68), (60, 99), (63, 95), (78, 81)]
[(6, 50), (12, 71), (14, 35), (33, 44), (39, 68), (46, 98), (58, 88), (63, 95), (78, 81)]
[(4, 48), (6, 50), (12, 71), (12, 78), (12, 81), (14, 35), (29, 30), (33, 44), (33, 91), (39, 68), (42, 60), (49, 72), (58, 88), (71, 85), (71, 88)]
[(3, 17), (4, 48), (12, 71), (12, 81), (33, 44), (33, 91), (39, 68), (39, 93), (71, 88)]
[(3, 17), (4, 48), (10, 28), (12, 71), (12, 81), (28, 74), (33, 44), (33, 91), (34, 43), (36, 46), (39, 68), (39, 93), (78, 88), (81, 85)]
[(3, 17), (3, 54), (4, 48), (10, 28), (19, 53), (23, 54), (23, 63), (28, 74), (33, 44), (33, 91), (36, 46), (39, 93), (78, 88), (81, 85)]
[(2, 4), (3, 54), (4, 48), (10, 28), (19, 53), (23, 54), (28, 74), (33, 44), (37, 53), (42, 86), (78, 88), (81, 85)]
[(2, 4), (3, 54), (9, 72), (10, 28), (30, 57), (37, 53), (42, 86), (47, 85), (78, 88), (81, 85)]
[(2, 4), (9, 72), (9, 89), (30, 57), (37, 53), (37, 83), (38, 83), (42, 86), (44, 90), (47, 85), (53, 69), (67, 85), (81, 85)]
[(5, 90), (7, 40), (9, 72), (9, 89), (22, 32), (30, 48), (30, 57), (47, 85), (53, 69), (67, 85)]
[(5, 90), (7, 40), (9, 72), (9, 89), (22, 32), (30, 48), (30, 57), (37, 38), (47, 85), (53, 69), (62, 75), (67, 85)]
[(5, 90), (9, 72), (9, 89), (13, 75), (21, 38), (22, 32), (30, 48), (30, 57), (47, 85), (53, 69), (62, 75), (64, 77), (67, 85), (77, 94)]
[(1, 16), (4, 80), (5, 6), (5, 90), (9, 89), (13, 75), (21, 38), (22, 32), (22, 76), (30, 48), (30, 57), (47, 85), (51, 85), (53, 69), (62, 75), (64, 77), (69, 83)]
[(1, 16), (4, 80), (5, 6), (5, 90), (9, 89), (21, 38), (22, 76), (53, 69), (62, 75), (69, 83)]
[(1, 16), (1, 73), (3, 63), (5, 6), (9, 89), (21, 38), (22, 76), (26, 62), (39, 91), (54, 63), (61, 64), (62, 75), (64, 87)]
[(1, 73), (5, 6), (6, 33), (21, 38), (22, 76), (26, 62), (27, 95), (39, 91), (54, 63), (61, 64), (62, 75), (64, 87), (67, 71), (80, 84), (86, 99)]
[(0, 65), (1, 73), (5, 6), (6, 33), (21, 38), (22, 76), (26, 62), (27, 95), (36, 70), (54, 63), (62, 75), (86, 99)]
[(0, 65), (6, 33), (22, 76), (26, 62), (27, 95), (29, 44), (34, 97), (36, 70), (66, 95), (86, 99)]
[(0, 65), (6, 33), (14, 92), (27, 95), (29, 44), (34, 97), (66, 95), (74, 75), (75, 92), (86, 99)]
[(0, 65), (6, 33), (14, 92), (29, 44), (34, 97), (66, 95), (75, 92), (86, 99)]
[(6, 33), (14, 92), (29, 44), (29, 93), (34, 56), (34, 97), (66, 95), (75, 92)]
[(0, 74), (13, 62), (14, 92), (15, 85), (29, 93), (75, 92), (82, 99)]
[(0, 74), (10, 14), (10, 62), (14, 92), (24, 31), (24, 63), (29, 93), (82, 99)]
[(0, 74), (0, 92), (7, 11), (10, 62), (11, 91), (24, 31), (24, 63), (50, 77), (53, 57), (59, 63), (76, 78), (82, 99)]
[(0, 74), (0, 92), (7, 11), (11, 91), (24, 31), (24, 63), (28, 91), (30, 86), (42, 49), (50, 77), (53, 57), (54, 97), (57, 83), (59, 63), (69, 79), (76, 78)]
[(0, 74), (0, 92), (7, 11), (7, 28), (11, 91), (15, 76), (21, 31), (24, 63), (28, 44), (28, 91), (30, 86), (32, 81), (40, 83), (53, 57), (54, 97), (57, 83), (59, 63), (69, 79)]
[(0, 74), (0, 92), (7, 11), (7, 28), (15, 76), (21, 24), (21, 31), (24, 63), (28, 44), (28, 91), (30, 86), (32, 81), (35, 82), (40, 83), (45, 46), (46, 69), (53, 57), (54, 97), (57, 83), (69, 79)]
[(0, 92), (7, 28), (15, 76), (21, 24), (21, 31), (28, 44), (28, 91), (30, 86), (32, 51), (32, 81), (35, 75), (35, 82), (37, 79), (40, 83), (43, 54), (45, 46), (46, 69), (53, 57), (54, 97), (55, 75), (55, 92), (57, 83), (69, 79)]
[(0, 75), (0, 92), (4, 86), (7, 28), (10, 65), (15, 76), (16, 37), (21, 24), (21, 31), (28, 44), (30, 86), (32, 51), (32, 78), (35, 75), (35, 82), (35, 99), (45, 46), (46, 69), (53, 57), (54, 97), (55, 92), (57, 83), (65, 74), (65, 92)]
[(4, 86), (7, 28), (10, 65), (15, 76), (16, 19), (17, 97), (21, 24), (28, 68), (30, 86), (32, 47), (32, 51), (32, 78), (34, 54), (35, 75), (35, 82), (44, 91), (45, 46), (46, 69), (54, 97), (65, 74), (65, 92)]
[(4, 86), (7, 28), (10, 65), (15, 76), (16, 19), (17, 97), (21, 24), (28, 68), (31, 95), (32, 47), (32, 51), (32, 78), (35, 75), (35, 82), (45, 90), (46, 69), (65, 92)]
[(1, 77), (4, 86), (6, 46), (7, 28), (10, 65), (28, 68), (30, 62), (31, 95), (32, 51), (32, 78), (35, 75), (35, 82), (45, 90), (46, 69), (58, 71), (65, 92)]
[(1, 77), (4, 86), (6, 46), (10, 65), (30, 62), (31, 95), (32, 51), (35, 75), (37, 90), (45, 90), (80, 96)]
[(1, 50), (1, 77), (4, 86), (6, 46), (12, 58), (21, 79), (30, 62), (31, 95), (35, 75), (63, 95)]
[(1, 50), (1, 77), (6, 46), (12, 58), (12, 71), (21, 79), (30, 62), (31, 95), (63, 95)]
[(1, 50), (1, 61), (1, 87), (6, 46), (7, 93), (12, 71), (14, 35), (21, 79), (30, 62), (31, 95), (33, 44), (39, 68), (63, 95)]
[(1, 50), (6, 46), (7, 93), (12, 71), (14, 35), (31, 95), (33, 44), (39, 68), (60, 99), (63, 95), (78, 81)]
[(6, 50), (12, 71), (14, 35), (33, 44), (39, 68), (46, 98), (58, 88), (63, 95), (78, 81)]
[(4, 48), (6, 50), (12, 71), (12, 78), (12, 81), (14, 35), (29, 30), (33, 44), (33, 91), (39, 68), (42, 60), (49, 72), (58, 88), (71, 85), (71, 88)]
[(3, 17), (4, 48), (12, 71), (12, 81), (33, 44), (33, 91), (39, 68), (39, 93), (71, 88)]
[(3, 17), (4, 48), (10, 28), (12, 71), (12, 81), (28, 74), (33, 44), (33, 91), (34, 43), (36, 46), (39, 68), (39, 93), (78, 88), (81, 85)]
[(3, 17), (3, 54), (4, 48), (10, 28), (19, 53), (23, 54), (23, 63), (28, 74), (33, 44), (33, 91), (36, 46), (39, 93), (78, 88), (81, 85)]
[(2, 4), (3, 54), (4, 48), (10, 28), (19, 53), (23, 54), (28, 74), (33, 44), (37, 53), (42, 86), (78, 88), (81, 85)]
[(2, 4), (3, 54), (9, 72), (10, 28), (30, 57), (37, 53), (42, 86), (47, 85), (78, 88), (81, 85)]
[(2, 4), (9, 72), (9, 89), (30, 57), (37, 53), (37, 83), (38, 83), (42, 86), (44, 90), (47, 85), (53, 69), (67, 85), (81, 85)]
[(5, 90), (7, 40), (9, 72), (9, 89), (22, 32), (30, 48), (30, 57), (47, 85), (53, 69), (67, 85)]
[(5, 90), (7, 40), (9, 72), (9, 89), (22, 32), (30, 48), (30, 57), (37, 38), (47, 85), (53, 69), (62, 75), (67, 85)]
[(5, 90), (9, 72), (9, 89), (13, 75), (21, 38), (22, 32), (30, 48), (30, 57), (47, 85), (53, 69), (62, 75), (64, 77), (67, 85), (77, 94)]
[(1, 16), (4, 80), (5, 6), (5, 90), (9, 89), (13, 75), (21, 38), (22, 32), (22, 76), (30, 48), (30, 57), (47, 85), (51, 85), (53, 69), (62, 75), (64, 77), (69, 83)]
[(1, 16), (4, 80), (5, 6), (5, 90), (9, 89), (21, 38), (22, 76), (53, 69), (62, 75), (69, 83)]
[(1, 16), (1, 73), (3, 63), (5, 6), (9, 89), (21, 38), (22, 76), (26, 62), (39, 91), (54, 63), (61, 64), (62, 75), (64, 87)]
[(1, 73), (5, 6), (6, 33), (21, 38), (22, 76), (26, 62), (27, 95), (39, 91), (54, 63), (61, 64), (62, 75), (64, 87), (67, 71), (80, 84), (86, 99)]
[(0, 65), (1, 73), (5, 6), (6, 33), (21, 38), (22, 76), (26, 62), (27, 95), (36, 70), (54, 63), (62, 75), (86, 99)]
[(0, 65), (6, 33), (22, 76), (26, 62), (27, 95), (29, 44), (34, 97), (36, 70), (66, 95), (86, 99)]
[(0, 65), (6, 33), (14, 92), (27, 95), (29, 44), (34, 97), (66, 95), (74, 75), (75, 92), (86, 99)]
[(0, 65), (6, 33), (14, 92), (29, 44), (34, 97), (66, 95), (75, 92), (86, 99)]
[(6, 33), (14, 92), (29, 44), (29, 93), (34, 56), (34, 97), (66, 95), (75, 92)]
[(0, 74), (13, 62), (14, 92), (15, 85), (29, 93), (75, 92), (82, 99)]
[(0, 74), (10, 14), (10, 62), (14, 92), (24, 31), (24, 63), (29, 93), (82, 99)]
[(0, 74), (0, 92), (7, 11), (10, 62), (11, 91), (24, 31), (24, 63), (50, 77), (53, 57), (59, 63), (76, 78), (82, 99)]
[(0, 74), (0, 92), (7, 11), (11, 91), (24, 31), (24, 63), (28, 91), (30, 86), (42, 49), (50, 77), (53, 57), (54, 97), (57, 83), (59, 63), (69, 79), (76, 78)]
[(0, 74), (0, 92), (7, 11), (7, 28), (11, 91), (15, 76), (21, 31), (24, 63), (28, 44), (28, 91), (30, 86), (32, 81), (40, 83), (53, 57), (54, 97), (57, 83), (59, 63), (69, 79)]
[(0, 74), (0, 92), (7, 11), (7, 28), (15, 76), (21, 24), (21, 31), (24, 63), (28, 44), (28, 91), (30, 86), (32, 81), (35, 82), (40, 83), (45, 46), (46, 69), (53, 57), (54, 97), (57, 83), (69, 79)]
[(0, 92), (7, 28), (15, 76), (21, 24), (21, 31), (28, 44), (28, 91), (30, 86), (32, 51), (32, 81), (35, 75), (35, 82), (37, 79), (40, 83), (43, 54), (45, 46), (46, 69), (53, 57), (54, 97), (55, 75), (55, 92), (57, 83), (69, 79)]
[(0, 75), (0, 92), (4, 86), (7, 28), (10, 65), (15, 76), (16, 37), (21, 24), (21, 31), (28, 44), (30, 86), (32, 51), (32, 78), (35, 75), (35, 82), (35, 99), (45, 46), (46, 69), (53, 57), (54, 97), (55, 92), (57, 83), (65, 74), (65, 92)]
[(4, 86), (7, 28), (10, 65), (15, 76), (16, 19), (17, 97), (21, 24), (28, 68), (30, 86), (32, 47), (32, 51), (32, 78), (34, 54), (35, 75), (35, 82), (44, 91), (45, 46), (46, 69), (54, 97), (65, 74), (65, 92)]
[(4, 86), (7, 28), (10, 65), (15, 76), (16, 19), (17, 97), (21, 24), (28, 68), (31, 95), (32, 47), (32, 51), (32, 78), (35, 75), (35, 82), (45, 90), (46, 69), (65, 92)]
[(1, 77), (4, 86), (6, 46), (7, 28), (10, 65), (28, 68), (30, 62), (31, 95), (32, 51), (32, 78), (35, 75), (35, 82), (45, 90), (46, 69), (58, 71), (65, 92)]
[(1, 77), (4, 86), (6, 46), (10, 65), (30, 62), (31, 95), (32, 51), (35, 75), (37, 90), (45, 90), (80, 96)]
[(1, 50), (1, 77), (4, 86), (6, 46), (12, 58), (21, 79), (30, 62), (31, 95), (35, 75), (63, 95)]
[(1, 50), (1, 77), (6, 46), (12, 58), (12, 71), (21, 79), (30, 62), (31, 95), (63, 95)]
[(1, 50), (1, 61), (1, 87), (6, 46), (7, 93), (12, 71), (14, 35), (21, 79), (30, 62), (31, 95), (33, 44), (39, 68), (63, 95)]
[(1, 50), (6, 46), (7, 93), (12, 71), (14, 35), (31, 95), (33, 44), (39, 68), (60, 99), (63, 95), (78, 81)]
[(6, 50), (12, 71), (14, 35), (33, 44), (39, 68), (46, 98), (58, 88), (63, 95), (78, 81)]
[(4, 48), (6, 50), (12, 71), (12, 78), (12, 81), (14, 35), (29, 30), (33, 44), (33, 91), (39, 68), (42, 60), (49, 72), (58, 88), (71, 85), (71, 88)]
[(3, 17), (4, 48), (12, 71), (12, 81), (33, 44), (33, 91), (39, 68), (39, 93), (71, 88)]
[(3, 17), (4, 48), (10, 28), (12, 71), (12, 81), (28, 74), (33, 44), (33, 91), (34, 43), (36, 46), (39, 68), (39, 93), (78, 88), (81, 85)]
[(3, 17), (3, 54), (4, 48), (10, 28), (19, 53), (23, 54), (23, 63), (28, 74), (33, 44), (33, 91), (36, 46), (39, 93), (78, 88), (81, 85)]
[(2, 4), (3, 54), (4, 48), (10, 28), (19, 53), (23, 54), (28, 74), (33, 44), (37, 53), (42, 86), (78, 88), (81, 85)]
[(2, 4), (3, 54), (9, 72), (10, 28), (30, 57), (37, 53), (42, 86), (47, 85), (78, 88), (81, 85)]
[(2, 4), (9, 72), (9, 89), (30, 57), (37, 53), (37, 83), (38, 83), (42, 86), (44, 90), (47, 85), (53, 69), (67, 85), (81, 85)]
[(5, 90), (7, 40), (9, 72), (9, 89), (22, 32), (30, 48), (30, 57), (47, 85), (53, 69), (67, 85)]
[(5, 90), (7, 40), (9, 72), (9, 89), (22, 32), (30, 48), (30, 57), (37, 38), (47, 85), (53, 69), (62, 75), (67, 85)]
[(5, 90), (9, 72), (9, 89), (13, 75), (21, 38), (22, 32), (30, 48), (30, 57), (47, 85), (53, 69), (62, 75), (64, 77), (67, 85), (77, 94)]
[(1, 16), (4, 80), (5, 6), (5, 90), (9, 89), (13, 75), (21, 38), (22, 32), (22, 76), (30, 48), (30, 57), (47, 85), (51, 85), (53, 69), (62, 75), (64, 77), (69, 83)]
[(1, 16), (4, 80), (5, 6), (5, 90), (9, 89), (21, 38), (22, 76), (53, 69), (62, 75), (69, 83)]
[(1, 16), (1, 73), (3, 63), (5, 6), (9, 89), (21, 38), (22, 76), (26, 62), (39, 91), (54, 63), (61, 64), (62, 75), (64, 87)]
[(1, 73), (5, 6), (6, 33), (21, 38), (22, 76), (26, 62), (27, 95), (39, 91), (54, 63), (61, 64), (62, 75), (64, 87), (67, 71), (80, 84), (86, 99)]
[(0, 65), (1, 73), (5, 6), (6, 33), (21, 38), (22, 76), (26, 62), (27, 95), (36, 70), (54, 63), (62, 75), (86, 99)]
[(0, 65), (6, 33), (22, 76), (26, 62), (27, 95), (29, 44), (34, 97), (36, 70), (66, 95), (86, 99)]
[(0, 65), (6, 33), (14, 92), (27, 95), (29, 44), (34, 97), (66, 95), (74, 75), (75, 92), (86, 99)]
[(0, 65), (6, 33), (14, 92), (29, 44), (34, 97), (66, 95), (75, 92), (86, 99)]
[(6, 33), (14, 92), (29, 44), (29, 93), (34, 56), (34, 97), (66, 95), (75, 92)]
[(0, 74), (13, 62), (14, 92), (15, 85), (29, 93), (75, 92), (82, 99)]
[(0, 74), (10, 14), (10, 62), (14, 92), (24, 31), (24, 63), (29, 93), (82, 99)]
[(0, 74), (0, 92), (7, 11), (10, 62), (11, 91), (24, 31), (24, 63), (50, 77), (53, 57), (59, 63), (76, 78), (82, 99)]
[(0, 74), (0, 92), (7, 11), (11, 91), (24, 31), (24, 63), (28, 91), (30, 86), (42, 49), (50, 77), (53, 57), (54, 97), (57, 83), (59, 63), (69, 79), (76, 78)]
[(0, 74), (0, 92), (7, 11), (7, 28), (11, 91), (15, 76), (21, 31), (24, 63), (28, 44), (28, 91), (30, 86), (32, 81), (40, 83), (53, 57), (54, 97), (57, 83), (59, 63), (69, 79)]
[(0, 74), (0, 92), (7, 11), (7, 28), (15, 76), (21, 24), (21, 31), (24, 63), (28, 44), (28, 91), (30, 86), (32, 81), (35, 82), (40, 83), (45, 46), (46, 69), (53, 57), (54, 97), (57, 83), (69, 79)]
[(0, 92), (7, 28), (15, 76), (21, 24), (21, 31), (28, 44), (28, 91), (30, 86), (32, 51), (32, 81), (35, 75), (35, 82), (37, 79), (40, 83), (43, 54), (45, 46), (46, 69), (53, 57), (54, 97), (55, 75), (55, 92), (57, 83), (69, 79)]
[(0, 75), (0, 92), (4, 86), (7, 28), (10, 65), (15, 76), (16, 37), (21, 24), (21, 31), (28, 44), (30, 86), (32, 51), (32, 78), (35, 75), (35, 82), (35, 99), (45, 46), (46, 69), (53, 57), (54, 97), (55, 92), (57, 83), (65, 74), (65, 92)]
[(4, 86), (7, 28), (10, 65), (15, 76), (16, 19), (17, 97), (21, 24), (28, 68), (30, 86), (32, 47), (32, 51), (32, 78), (34, 54), (35, 75), (35, 82), (44, 91), (45, 46), (46, 69), (54, 97), (65, 74), (65, 92)]
[(4, 86), (7, 28), (10, 65), (15, 76), (16, 19), (17, 97), (21, 24), (28, 68), (31, 95), (32, 47), (32, 51), (32, 78), (35, 75), (35, 82), (45, 90), (46, 69), (65, 92)]
[(1, 77), (4, 86), (6, 46), (7, 28), (10, 65), (28, 68), (30, 62), (31, 95), (32, 51), (32, 78), (35, 75), (35, 82), (45, 90), (46, 69), (58, 71), (65, 92)]
[(1, 77), (4, 86), (6, 46), (10, 65), (30, 62), (31, 95), (32, 51), (35, 75), (37, 90), (45, 90), (80, 96)]
[(1, 50), (1, 77), (4, 86), (6, 46), (12, 58), (21, 79), (30, 62), (31, 95), (35, 75), (63, 95)]
[(1, 50), (1, 77), (6, 46), (12, 58), (12, 71), (21, 79), (30, 62), (31, 95), (63, 95)]
[(1, 50), (1, 61), (1, 87), (6, 46), (7, 93), (12, 71), (14, 35), (21, 79), (30, 62), (31, 95), (33, 44), (39, 68), (63, 95)]
[(1, 50), (6, 46), (7, 93), (12, 71), (14, 35), (31, 95), (33, 44), (39, 68), (60, 99), (63, 95), (78, 81)]
[(6, 50), (12, 71), (14, 35), (33, 44), (39, 68), (46, 98), (58, 88), (63, 95), (78, 81)]
[(4, 48), (6, 50), (12, 71), (12, 78), (12, 81), (14, 35), (29, 30), (33, 44), (33, 91), (39, 68), (42, 60), (49, 72), (58, 88), (71, 85), (71, 88)]
[(3, 17), (4, 48), (12, 71), (12, 81), (33, 44), (33, 91), (39, 68), (39, 93), (71, 88)]
[(3, 17), (4, 48), (10, 28), (12, 71), (12, 81), (28, 74), (33, 44), (33, 91), (34, 43), (36, 46), (39, 68), (39, 93), (78, 88), (81, 85)]
[(3, 17), (3, 54), (4, 48), (10, 28), (19, 53), (23, 54), (23, 63), (28, 74), (33, 44), (33, 91), (36, 46), (39, 93), (78, 88), (81, 85)]
[(2, 4), (3, 54), (4, 48), (10, 28), (19, 53), (23, 54), (28, 74), (33, 44), (37, 53), (42, 86), (78, 88), (81, 85)]
[(2, 4), (3, 54), (9, 72), (10, 28), (30, 57), (37, 53), (42, 86), (47, 85), (78, 88), (81, 85)]
[(2, 4), (9, 72), (9, 89), (30, 57), (37, 53), (37, 83), (38, 83), (42, 86), (44, 90), (47, 85), (53, 69), (67, 85), (81, 85)]
[(5, 90), (7, 40), (9, 72), (9, 89), (22, 32), (30, 48), (30, 57), (47, 85), (53, 69), (67, 85)]
[(5, 90), (7, 40), (9, 72), (9, 89), (22, 32), (30, 48), (30, 57), (37, 38), (47, 85), (53, 69), (62, 75), (67, 85)]
[(5, 90), (9, 72), (9, 89), (13, 75), (21, 38), (22, 32), (30, 48), (30, 57), (47, 85), (53, 69), (62, 75), (64, 77), (67, 85), (77, 94)]
[(1, 16), (4, 80), (5, 6), (5, 90), (9, 89), (13, 75), (21, 38), (22, 32), (22, 76), (30, 48), (30, 57), (47, 85), (51, 85), (53, 69), (62, 75), (64, 77), (69, 83)]
[(1, 16), (4, 80), (5, 6), (5, 90), (9, 89), (21, 38), (22, 76), (53, 69), (62, 75), (69, 83)]
[(1, 16), (1, 73), (3, 63), (5, 6), (9, 89), (21, 38), (22, 76), (26, 62), (39, 91), (54, 63), (61, 64), (62, 75), (64, 87)]
[(1, 73), (5, 6), (6, 33), (21, 38), (22, 76), (26, 62), (27, 95), (39, 91), (54, 63), (61, 64), (62, 75), (64, 87), (67, 71), (80, 84), (86, 99)]
[(0, 65), (1, 73), (5, 6), (6, 33), (21, 38), (22, 76), (26, 62), (27, 95), (36, 70), (54, 63), (62, 75), (86, 99)]
[(0, 65), (6, 33), (22, 76), (26, 62), (27, 95), (29, 44), (34, 97), (36, 70), (66, 95), (86, 99)]
[(0, 65), (6, 33), (14, 92), (27, 95), (29, 44), (34, 97), (66, 95), (74, 75), (75, 92), (86, 99)]
[(0, 65), (6, 33), (14, 92), (29, 44), (34, 97), (66, 95), (75, 92), (86, 99)]
[(6, 33), (14, 92), (29, 44), (29, 93), (34, 56), (34, 97), (66, 95), (75, 92)]
[(0, 74), (13, 62), (14, 92), (15, 85), (29, 93), (75, 92), (82, 99)]
[(0, 74), (10, 14), (10, 62), (14, 92), (24, 31), (24, 63), (29, 93), (82, 99)]
[(0, 74), (0, 92), (7, 11), (10, 62), (11, 91), (24, 31), (24, 63), (50, 77), (53, 57), (59, 63), (76, 78), (82, 99)]
[(0, 74), (0, 92), (7, 11), (11, 91), (24, 31), (24, 63), (28, 91), (30, 86), (42, 49), (50, 77), (53, 57), (54, 97), (57, 83), (59, 63), (69, 79), (76, 78)]
[(0, 74), (0, 92), (7, 11), (7, 28), (11, 91), (15, 76), (21, 31), (24, 63), (28, 44), (28, 91), (30, 86), (32, 81), (40, 83), (53, 57), (54, 97), (57, 83), (59, 63), (69, 79)]
[(0, 74), (0, 92), (7, 11), (7, 28), (15, 76), (21, 24), (21, 31), (24, 63), (28, 44), (28, 91), (30, 86), (32, 81), (35, 82), (40, 83), (45, 46), (46, 69), (53, 57), (54, 97), (57, 83), (69, 79)]
[(0, 92), (7, 28), (15, 76), (21, 24), (21, 31), (28, 44), (28, 91), (30, 86), (32, 51), (32, 81), (35, 75), (35, 82), (37, 79), (40, 83), (43, 54), (45, 46), (46, 69), (53, 57), (54, 97), (55, 75), (55, 92), (57, 83), (69, 79)]
[(0, 75), (0, 92), (4, 86), (7, 28), (10, 65), (15, 76), (16, 37), (21, 24), (21, 31), (28, 44), (30, 86), (32, 51), (32, 78), (35, 75), (35, 82), (35, 99), (45, 46), (46, 69), (53, 57), (54, 97), (55, 92), (57, 83), (65, 74), (65, 92)]
[(4, 86), (7, 28), (10, 65), (15, 76), (16, 19), (17, 97), (21, 24), (28, 68), (30, 86), (32, 47), (32, 51), (32, 78), (34, 54), (35, 75), (35, 82), (44, 91), (45, 46), (46, 69), (54, 97), (65, 74), (65, 92)]
[(4, 86), (7, 28), (10, 65), (15, 76), (16, 19), (17, 97), (21, 24), (28, 68), (31, 95), (32, 47), (32, 51), (32, 78), (35, 75), (35, 82), (45, 90), (46, 69), (65, 92)]
[(1, 77), (4, 86), (6, 46), (7, 28), (10, 65), (28, 68), (30, 62), (31, 95), (32, 51), (32, 78), (35, 75), (35, 82), (45, 90), (46, 69), (58, 71), (65, 92)]
[(1, 77), (4, 86), (6, 46), (10, 65), (30, 62), (31, 95), (32, 51), (35, 75), (37, 90), (45, 90), (80, 96)]
[(1, 50), (1, 77), (4, 86), (6, 46), (12, 58), (21, 79), (30, 62), (31, 95), (35, 75), (63, 95)]
[(1, 50), (1, 77), (6, 46), (12, 58), (12, 71), (21, 79), (30, 62), (31, 95), (63, 95)]
[(1, 50), (1, 61), (1, 87), (6, 46), (7, 93), (12, 71), (14, 35), (21, 79), (30, 62), (31, 95), (33, 44), (39, 68), (63, 95)]
[(1, 50), (6, 46), (7, 93), (12, 71), (14, 35), (31, 95), (33, 44), (39, 68), (60, 99), (63, 95), (78, 81)]
[(6, 50), (12, 71), (14, 35), (33, 44), (39, 68), (46, 98), (58, 88), (63, 95), (78, 81)]
[(4, 48), (6, 50), (12, 71), (12, 78), (12, 81), (14, 35), (29, 30), (33, 44), (33, 91), (39, 68), (42, 60), (49, 72), (58, 88), (71, 85), (71, 88)]
[(3, 17), (4, 48), (12, 71), (12, 81), (33, 44), (33, 91), (39, 68), (39, 93), (71, 88)]
[(3, 17), (4, 48), (10, 28), (12, 71), (12, 81), (28, 74), (33, 44), (33, 91), (34, 43), (36, 46), (39, 68), (39, 93), (78, 88), (81, 85)]
[(3, 17), (3, 54), (4, 48), (10, 28), (19, 53), (23, 54), (23, 63), (28, 74), (33, 44), (33, 91), (36, 46), (39, 93), (78, 88), (81, 85)]
[(2, 4), (3, 54), (4, 48), (10, 28), (19, 53), (23, 54), (28, 74), (33, 44), (37, 53), (42, 86), (78, 88), (81, 85)]
[(2, 4), (3, 54), (9, 72), (10, 28), (30, 57), (37, 53), (42, 86), (47, 85), (78, 88), (81, 85)]
[(2, 4), (9, 72), (9, 89), (30, 57), (37, 53), (37, 83), (38, 83), (42, 86), (44, 90), (47, 85), (53, 69), (67, 85), (81, 85)]
[(5, 90), (7, 40), (9, 72), (9, 89), (22, 32), (30, 48), (30, 57), (47, 85), (53, 69), (67, 85)]
[(5, 90), (7, 40), (9, 72), (9, 89), (22, 32), (30, 48), (30, 57), (37, 38), (47, 85), (53, 69), (62, 75), (67, 85)]
[(5, 90), (9, 72), (9, 89), (13, 75), (21, 38), (22, 32), (30, 48), (30, 57), (47, 85), (53, 69), (62, 75), (64, 77), (67, 85), (77, 94)]
[(1, 16), (4, 80), (5, 6), (5, 90), (9, 89), (13, 75), (21, 38), (22, 32), (22, 76), (30, 48), (30, 57), (47, 85), (51, 85), (53, 69), (62, 75), (64, 77), (69, 83)]
[(1, 16), (4, 80), (5, 6), (5, 90), (9, 89), (21, 38), (22, 76), (53, 69), (62, 75), (69, 83)]
[(1, 16), (1, 73), (3, 63), (5, 6), (9, 89), (21, 38), (22, 76), (26, 62), (39, 91), (54, 63), (61, 64), (62, 75), (64, 87)]
[(1, 73), (5, 6), (6, 33), (21, 38), (22, 76), (26, 62), (27, 95), (39, 91), (54, 63), (61, 64), (62, 75), (64, 87), (67, 71), (80, 84), (86, 99)]
[(0, 65), (1, 73), (5, 6), (6, 33), (21, 38), (22, 76), (26, 62), (27, 95), (36, 70), (54, 63), (62, 75), (86, 99)]
[(0, 65), (6, 33), (22, 76), (26, 62), (27, 95), (29, 44), (34, 97), (36, 70), (66, 95), (86, 99)]
[(0, 65), (6, 33), (14, 92), (27, 95), (29, 44), (34, 97), (66, 95), (74, 75), (75, 92), (86, 99)]
[(0, 65), (6, 33), (14, 92), (29, 44), (34, 97), (66, 95), (75, 92), (86, 99)]
[(6, 33), (14, 92), (29, 44), (29, 93), (34, 56), (34, 97), (66, 95), (75, 92)]
[(0, 74), (13, 62), (14, 92), (15, 85), (29, 93), (75, 92), (82, 99)]
[(0, 74), (10, 14), (10, 62), (14, 92), (24, 31), (24, 63), (29, 93), (82, 99)]
[(0, 74), (0, 92), (7, 11), (10, 62), (11, 91), (24, 31), (24, 63), (50, 77), (53, 57), (59, 63), (76, 78), (82, 99)]
[(0, 74), (0, 92), (7, 11), (11, 91), (24, 31), (24, 63), (28, 91), (30, 86), (42, 49), (50, 77), (53, 57), (54, 97), (57, 83), (59, 63), (69, 79), (76, 78)]
[(0, 74), (0, 92), (7, 11), (7, 28), (11, 91), (15, 76), (21, 31), (24, 63), (28, 44), (28, 91), (30, 86), (32, 81), (40, 83), (53, 57), (54, 97), (57, 83), (59, 63), (69, 79)]
[(0, 74), (0, 92), (7, 11), (7, 28), (15, 76), (21, 24), (21, 31), (24, 63), (28, 44), (28, 91), (30, 86), (32, 81), (35, 82), (40, 83), (45, 46), (46, 69), (53, 57), (54, 97), (57, 83), (69, 79)]
[(0, 92), (7, 28), (15, 76), (21, 24), (21, 31), (28, 44), (28, 91), (30, 86), (32, 51), (32, 81), (35, 75), (35, 82), (37, 79), (40, 83), (43, 54), (45, 46), (46, 69), (53, 57), (54, 97), (55, 75), (55, 92), (57, 83), (69, 79)]
[(0, 75), (0, 92), (4, 86), (7, 28), (10, 65), (15, 76), (16, 37), (21, 24), (21, 31), (28, 44), (30, 86), (32, 51), (32, 78), (35, 75), (35, 82), (35, 99), (45, 46), (46, 69), (53, 57), (54, 97), (55, 92), (57, 83), (65, 74), (65, 92)]
[(4, 86), (7, 28), (10, 65), (15, 76), (16, 19), (17, 97), (21, 24), (28, 68), (30, 86), (32, 47), (32, 51), (32, 78), (34, 54), (35, 75), (35, 82), (44, 91), (45, 46), (46, 69), (54, 97), (65, 74), (65, 92)]
[(4, 86), (7, 28), (10, 65), (15, 76), (16, 19), (17, 97), (21, 24), (28, 68), (31, 95), (32, 47), (32, 51), (32, 78), (35, 75), (35, 82), (45, 90), (46, 69), (65, 92)]
[(1, 77), (4, 86), (6, 46), (7, 28), (10, 65), (28, 68), (30, 62), (31, 95), (32, 51), (32, 78), (35, 75), (35, 82), (45, 90), (46, 69), (58, 71), (65, 92)]
[(1, 77), (4, 86), (6, 46), (10, 65), (30, 62), (31, 95), (32, 51), (35, 75), (37, 90), (45, 90), (80, 96)]
[(1, 50), (1, 77), (4, 86), (6, 46), (12, 58), (21, 79), (30, 62), (31, 95), (35, 75), (63, 95)]
[(1, 50), (1, 77), (6, 46), (12, 58), (12, 71), (21, 79), (30, 62), (31, 95), (63, 95)]
[(1, 50), (1, 61), (1, 87), (6, 46), (7, 93), (12, 71), (14, 35), (21, 79), (30, 62), (31, 95), (33, 44), (39, 68), (63, 95)]
[(1, 50), (6, 46), (7, 93), (12, 71), (14, 35), (31, 95), (33, 44), (39, 68), (60, 99), (63, 95), (78, 81)]
[(6, 50), (12, 71), (14, 35), (33, 44), (39, 68), (46, 98), (58, 88), (63, 95), (78, 81)]
[(4, 48), (6, 50), (12, 71), (12, 78), (12, 81), (14, 35), (29, 30), (33, 44), (33, 91), (39, 68), (42, 60), (49, 72), (58, 88), (71, 85), (71, 88)]
[(3, 17), (4, 48), (12, 71), (12, 81), (33, 44), (33, 91), (39, 68), (39, 93), (71, 88)]
[(3, 17), (4, 48), (10, 28), (12, 71), (12, 81), (28, 74), (33, 44), (33, 91), (34, 43), (36, 46), (39, 68), (39, 93), (78, 88), (81, 85)]
[(3, 17), (3, 54), (4, 48), (10, 28), (19, 53), (23, 54), (23, 63), (28, 74), (33, 44), (33, 91), (36, 46), (39, 93), (78, 88), (81, 85)]
[(2, 4), (3, 54), (4, 48), (10, 28), (19, 53), (23, 54), (28, 74), (33, 44), (37, 53), (42, 86), (78, 88), (81, 85)]
[(2, 4), (3, 54), (9, 72), (10, 28), (30, 57), (37, 53), (42, 86), (47, 85), (78, 88), (81, 85)]
[(2, 4), (9, 72), (9, 89), (30, 57), (37, 53), (37, 83), (38, 83), (42, 86), (44, 90), (47, 85), (53, 69), (67, 85), (81, 85)]
[(5, 90), (7, 40), (9, 72), (9, 89), (22, 32), (30, 48), (30, 57), (47, 85), (53, 69), (67, 85)]
[(5, 90), (7, 40), (9, 72), (9, 89), (22, 32), (30, 48), (30, 57), (37, 38), (47, 85), (53, 69), (62, 75), (67, 85)]
[(5, 90), (9, 72), (9, 89), (13, 75), (21, 38), (22, 32), (30, 48), (30, 57), (47, 85), (53, 69), (62, 75), (64, 77), (67, 85), (77, 94)]
[(1, 16), (4, 80), (5, 6), (5, 90), (9, 89), (13, 75), (21, 38), (22, 32), (22, 76), (30, 48), (30, 57), (47, 85), (51, 85), (53, 69), (62, 75), (64, 77), (69, 83)]
[(1, 16), (4, 80), (5, 6), (5, 90), (9, 89), (21, 38), (22, 76), (53, 69), (62, 75), (69, 83)]
[(1, 16), (1, 73), (3, 63), (5, 6), (9, 89), (21, 38), (22, 76), (26, 62), (39, 91), (54, 63), (61, 64), (62, 75), (64, 87)]
[(1, 73), (5, 6), (6, 33), (21, 38), (22, 76), (26, 62), (27, 95), (39, 91), (54, 63), (61, 64), (62, 75), (64, 87), (67, 71), (80, 84), (86, 99)]
[(0, 65), (1, 73), (5, 6), (6, 33), (21, 38), (22, 76), (26, 62), (27, 95), (36, 70), (54, 63), (62, 75), (86, 99)]
[(0, 65), (6, 33), (22, 76), (26, 62), (27, 95), (29, 44), (34, 97), (36, 70), (66, 95), (86, 99)]
[(0, 65), (6, 33), (14, 92), (27, 95), (29, 44), (34, 97), (66, 95), (74, 75), (75, 92), (86, 99)]
[(0, 65), (6, 33), (14, 92), (29, 44), (34, 97), (66, 95), (75, 92), (86, 99)]
[(6, 33), (14, 92), (29, 44), (29, 93), (34, 56), (34, 97), (66, 95), (75, 92)]
[(0, 74), (13, 62), (14, 92), (15, 85), (29, 93), (75, 92), (82, 99)]
