0001000000001000100100100010000000000000
0010100000000001001001000000000000110000
0100100001000001000000000000000100000000
1000000000011000110100000000000000100100
0110000000000001001001010000000000010000
0000000100100000000010001000001000000000
0000000001000100000000000000101000100000
0000010000100000000010001000001000000010
0000000000010010000000100101000001001000
0010001000000101000000000000100000000000
0000010100000000000010001000001000000011
0001000010001000000100100001000001000100
1001000000010000100100100000000000000100
0000001001000000000000000000101000100000
0000000010000000000000000100010000001011
0110100001000000000000000000000100000000
1001000000001000000101000010000000110000
0001000000000000000000000000011000100110
0100100000000000000001010000000010010000
1001000000011000100000100011000000000000
0000010100100000000000001000001000000010
0100100000000000101000010000000010010000
1000000010011000000100000001000001000000
0000100000000000001001000000000010010000
0000010100100000000010000000000000000000
0000000010000010000000000000010000001011
1000000000000000100100000000000010000000
0000000010010000000100100000000001000000
0000001001000100000000000000000000000000
0000000000000010010000000100001000000111
0000011100100100010010000000010000000111
0010000000000001000000000000000000000000
0000000000000000001001010010000000010000
0000000010010000000000100001000000000000
0101001000000100110000000000000000000100
0100100000000000101001010000000010000000
0000000010000010000000000100000000000000
0001000000011000010000000000011000100000
0000000100100010010010000100011000000001
0000000000100010000000000100011000000010
